1 -0.030000 0.015000
2 -0.040000 0.015000
3 -0.045000 0.015000
4 -0.030000 0.015000
5 -0.055000 0.015000
6 -0.065000 0.015000
7 -0.070000 0.015000
8 -0.050000 0.015000
9 -0.035000 0.015000
10 -0.035000 0.015000
11 -0.045000 0.015000
12 -0.035000 0.015000
13 -0.025000 0.015000
14 -0.020000 0.015000
15 -0.020000 0.015000
16 -0.085000 0.020000
17 -0.070000 0.015000
18 -0.060000 0.015000
19 -0.075000 0.015000
20 -0.045000 0.015000
21 -0.065000 0.015000
22 -0.080000 0.015000
23 -0.085000 0.020000
24 -0.090000 0.020000
25 -0.090000 0.025000
26 -0.015000 0.015000
27 -0.015000 0.015000
28 -0.015000 0.015000
29 -0.015000 0.015000
30 -0.020000 0.015000
31 -0.015000 0.015000
32 -0.015000 0.015000
33 -0.015000 0.015000
34 -0.015000 0.015000
35 -0.020000 0.015000
36 -0.020000 0.015000
37 -0.015000 0.015000
38 -0.020000 0.015000
39 -0.020000 0.015000
40 -0.020000 0.015000
41 -0.020000 0.015000
42 -0.020000 0.015000
43 -0.015000 0.015000
44 -0.020000 0.015000
45 -0.020000 0.015000
46 -0.015000 0.015000
47 -0.015000 0.015000
48 -0.015000 0.015000
49 -0.015000 0.015000
50 -0.015000 0.015000
51 -0.015000 0.015000
52 -0.015000 0.015000
53 -0.015000 0.015000
54 -0.015000 0.015000
55 -0.015000 0.015000
56 -0.015000 0.015000
57 -0.015000 0.015000
58 -0.015000 0.015000
59 -0.015000 0.015000
60 -0.015000 0.015000
61 -0.015000 0.015000
62 -0.015000 0.015000
63 -0.015000 0.015000
64 -0.015000 0.020000
65 -0.015000 0.015000
66 -0.025000 0.015000
67 -0.035000 0.015000
68 -0.020000 0.015000
69 -0.025000 0.015000
70 -0.030000 0.015000
71 -0.045000 0.015000
72 -0.015000 0.015000
73 -0.020000 0.015000
74 -0.015000 0.015000
75 -0.015000 0.015000
76 -0.015000 0.015000
77 -0.015000 0.015000
78 -0.020000 0.015000
79 -0.020000 0.020000
80 -0.015000 0.015000
81 -0.020000 0.020000
82 -0.020000 0.015000
83 -0.020000 0.015000
84 -0.020000 0.015000
85 -0.020000 0.015000
86 -0.025000 0.015000
87 -0.025000 0.015000
88 -0.025000 0.015000
89 -0.020000 0.015000
90 -0.020000 0.015000
91 -0.025000 0.015000
92 -0.025000 0.015000
93 -0.020000 0.015000
94 -0.020000 0.015000
95 -0.020000 0.015000
96 -0.025000 0.015000
97 -0.040000 0.015000
98 -0.030000 0.015000
99 -0.030000 0.015000
100 -0.040000 0.015000
101 -0.030000 0.015000
102 -0.030000 0.020000
103 -0.030000 0.015000
104 -0.030000 0.015000
105 -0.040000 0.015000
106 -0.035000 0.015000
107 -0.035000 0.015000
108 -0.020000 0.015000
109 -0.020000 0.015000
110 -0.035000 0.015000
111 -0.020000 0.015000
112 -0.020000 0.015000
113 -0.020000 0.015000
114 -0.020000 0.015000
115 -0.030000 0.015000
116 -0.015000 0.015000
117 -0.020000 0.015000
118 -0.020000 0.015000
119 -0.020000 0.015000
120 -0.020000 0.015000
121 -0.020000 0.015000
122 -0.070000 0.030000
123 -0.070000 0.025000
124 -0.085000 0.030000
125 -0.085000 0.035000
126 -0.075000 0.025000
127 -0.085000 0.025000
128 -0.095000 0.030000
129 -0.095000 0.030000
130 -0.090000 0.035000
131 -0.055000 0.020000
132 -0.055000 0.020000
133 -0.045000 0.025000
134 -0.075000 0.020000
135 -0.055000 0.015000
136 -0.085000 0.025000
137 -0.095000 0.030000
138 -0.025000 0.020000
139 -0.020000 0.020000
140 -0.050000 0.030000
141 -0.030000 0.025000
142 -0.025000 0.025000
143 -0.030000 0.020000
144 -0.060000 0.030000
145 -0.040000 0.025000
146 -0.085000 0.040000
147 -0.070000 0.035000
148 -0.080000 0.035000
149 -0.090000 0.040000
150 -0.055000 0.035000
151 -0.030000 0.030000
152 -0.075000 0.035000
153 -0.050000 0.035000
154 -0.015000 0.015000
155 -0.015000 0.015000
156 -0.015000 0.015000
157 -0.015000 0.015000
158 -0.015000 0.015000
159 -0.015000 0.015000
160 -0.015000 0.015000
161 -0.015000 0.015000
162 -0.015000 0.015000
163 -0.020000 0.015000
164 -0.020000 0.015000
165 -0.020000 0.015000
166 -0.010000 0.015000
167 -0.015000 0.015000
168 -0.015000 0.015000
169 -0.010000 0.015000
170 -0.015000 0.015000
171 -0.010000 0.015000
172 -0.015000 0.015000
173 -0.010000 0.015000
174 -0.020000 0.015000
175 -0.020000 0.015000
176 -0.020000 0.015000
177 -0.020000 0.015000
178 -0.020000 0.015000
179 -0.020000 0.015000
180 -0.020000 0.015000
181 -0.020000 0.015000
182 -0.020000 0.015000
183 -0.015000 0.015000
184 -0.015000 0.015000
185 -0.015000 0.015000
186 -0.020000 0.015000
187 -0.020000 0.015000
188 -0.020000 0.015000
189 -0.020000 0.010000
190 -0.020000 0.015000
191 -0.025000 0.015000
192 -0.025000 0.010000
193 -0.020000 0.010000
194 -0.020000 0.010000
195 -0.020000 0.015000
196 -0.020000 0.015000
197 -0.020000 0.015000
198 -0.025000 0.015000
199 -0.020000 0.015000
200 -0.030000 0.015000
201 -0.030000 0.015000
202 -0.015000 0.010000
203 -0.015000 0.010000
204 -0.015000 0.015000
205 -0.015000 0.015000
206 -0.010000 0.015000
207 -0.010000 0.015000
208 -0.020000 0.010000
209 -0.020000 0.015000
210 -0.020000 0.015000
211 -0.020000 0.015000
212 -0.020000 0.010000
213 -0.020000 0.010000
214 -0.015000 0.015000
215 -0.010000 0.015000
216 -0.020000 0.015000
217 -0.015000 0.015000
218 -0.020000 0.020000
219 -0.020000 0.020000
220 -0.020000 0.015000
221 -0.020000 0.015000
222 -0.020000 0.020000
223 -0.020000 0.015000
224 -0.020000 0.015000
225 -0.020000 0.015000
226 -0.020000 0.015000
227 -0.015000 0.025000
228 -0.020000 0.025000
229 -0.020000 0.020000
230 -0.020000 0.025000
231 -0.020000 0.025000
232 -0.020000 0.020000
233 -0.015000 0.025000
234 -0.020000 0.025000
235 -0.015000 0.025000
236 -0.015000 0.025000
237 -0.020000 0.030000
238 -0.025000 0.030000
239 -0.020000 0.020000
240 -0.020000 0.015000
241 -0.015000 0.020000
242 -0.020000 0.015000
243 -0.020000 0.015000
244 -0.020000 0.020000
245 -0.020000 0.015000
246 -0.020000 0.015000
247 -0.020000 0.020000
248 -0.020000 0.015000
249 -0.020000 0.015000
250 -0.020000 0.015000
251 -0.020000 0.015000
252 -0.020000 0.020000
253 -0.020000 0.025000
254 -0.020000 0.020000
255 -0.020000 0.015000
256 -0.020000 0.020000
257 -0.020000 0.015000
258 -0.020000 0.015000
259 -0.020000 0.015000
260 -0.020000 0.015000
261 -0.020000 0.015000
262 -0.020000 0.015000
263 -0.030000 0.020000
264 -0.035000 0.020000
265 -0.040000 0.020000
266 -0.040000 0.020000
267 -0.035000 0.015000
268 -0.045000 0.015000
269 -0.020000 0.015000
270 -0.020000 0.020000
271 -0.020000 0.020000
272 -0.025000 0.010000
273 -0.030000 0.010000
274 -0.020000 0.015000
275 -0.020000 0.015000
276 -0.040000 0.010000
277 -0.030000 0.010000
278 -0.020000 0.025000
279 -0.025000 0.030000
280 -0.025000 0.025000
281 -0.025000 0.030000
282 -0.030000 0.030000
283 -0.025000 0.030000
284 -0.025000 0.025000
285 -0.020000 0.025000
286 -0.025000 0.025000
287 -0.030000 0.020000
288 -0.025000 0.025000
289 -0.025000 0.030000
290 -0.020000 0.015000
291 -0.020000 0.015000
292 -0.020000 0.015000
293 -0.020000 0.015000
294 -0.015000 0.015000
295 -0.015000 0.015000
296 -0.015000 0.015000
297 -0.015000 0.015000
298 -0.020000 0.015000
299 -0.015000 0.015000
300 -0.015000 0.015000
301 -0.020000 0.015000
302 -0.015000 0.015000
303 -0.020000 0.015000
304 -0.020000 0.015000
305 -0.010000 0.010000
306 -0.010000 0.015000
307 -0.010000 0.015000
308 -0.010000 0.010000
309 -0.010000 0.010000
310 -0.010000 0.010000
311 -0.015000 0.015000
312 -0.020000 0.015000
313 -0.020000 0.010000
314 -0.025000 0.010000
315 -0.020000 0.015000
316 -0.020000 0.015000
317 -0.020000 0.015000
318 -0.020000 0.015000
319 -0.020000 0.015000
320 -0.020000 0.015000
321 -0.020000 0.015000
322 -0.020000 0.015000
323 -0.020000 0.015000
324 -0.020000 0.015000
325 -0.020000 0.015000
326 -0.020000 0.015000
327 -0.020000 0.015000
328 -0.020000 0.015000
329 -0.020000 0.015000
330 -0.015000 0.010000
331 -0.020000 0.010000
332 -0.020000 0.010000
333 -0.020000 0.010000
334 -0.020000 0.015000
335 -0.020000 0.015000
336 -0.020000 0.015000
337 -0.020000 0.010000
338 -0.020000 0.010000
339 -0.020000 0.015000
340 -0.020000 0.015000
341 -0.020000 0.015000
342 -0.020000 0.015000
343 -0.020000 0.015000
344 -0.020000 0.015000
345 -0.015000 0.015000
346 -0.015000 0.010000
347 -0.010000 0.010000
348 -0.010000 0.010000
349 -0.010000 0.015000
350 -0.015000 0.015000
351 -0.010000 0.010000
352 -0.015000 0.010000
353 -0.015000 0.015000
354 -0.010000 0.010000
355 -0.010000 0.010000
356 -0.015000 0.010000
357 -0.015000 0.010000
358 -0.010000 0.015000
359 -0.020000 0.015000
360 -0.015000 0.015000
361 -0.015000 0.015000
362 -0.020000 0.015000
363 -0.020000 0.010000
364 -0.020000 0.010000
365 -0.020000 0.015000
366 -0.020000 0.010000
367 -0.020000 0.010000
368 -0.020000 0.010000
369 -0.020000 0.010000
370 -0.020000 0.010000
371 -0.020000 0.010000
372 -0.020000 0.015000
373 -0.020000 0.010000
374 -0.020000 0.010000
375 -0.020000 0.010000
376 -0.020000 0.010000
377 -0.030000 0.010000
378 -0.015000 0.015000
379 -0.020000 0.015000
380 -0.020000 0.015000
381 -0.020000 0.015000
382 -0.020000 0.015000
383 -0.020000 0.015000
384 -0.020000 0.015000
385 -0.015000 0.015000
386 -0.015000 0.015000
387 -0.020000 0.015000
388 -0.020000 0.015000
389 -0.020000 0.015000
390 -0.015000 0.010000
391 -0.010000 0.010000
392 -0.015000 0.010000
393 -0.010000 0.015000
394 -0.010000 0.015000
395 -0.020000 0.010000
396 -0.020000 0.010000
397 -0.015000 0.015000
398 -0.015000 0.015000
399 -0.015000 0.015000
400 -0.015000 0.015000
401 -0.015000 0.010000
402 -0.015000 0.015000
403 -0.015000 0.015000
404 -0.015000 0.015000
405 -0.025000 0.010000
406 -0.020000 0.010000
407 -0.020000 0.010000
408 -0.015000 0.010000
409 -0.020000 0.010000
410 -0.015000 0.010000
411 -0.020000 0.005000
412 -0.020000 0.010000
413 -0.015000 0.010000
414 -0.015000 0.010000
415 -0.015000 0.015000
416 -0.020000 0.010000
417 -0.020000 0.010000
418 -0.015000 0.015000
419 -0.015000 0.015000
420 -0.015000 0.015000
421 -0.015000 0.015000
422 -0.015000 0.015000
423 -0.015000 0.015000
424 -0.020000 0.015000
425 -0.020000 0.015000
426 -0.020000 0.015000
427 -0.015000 0.010000
428 -0.015000 0.015000
429 -0.020000 0.015000
430 -0.020000 0.010000
431 -0.020000 0.010000
432 -0.025000 0.010000
433 -0.020000 0.020000
434 -0.015000 0.015000
435 -0.015000 0.015000
436 -0.015000 0.020000
437 -0.015000 0.015000
438 -0.015000 0.025000
439 -0.015000 0.015000
440 -0.020000 0.015000
441 -0.020000 0.015000
442 -0.025000 0.015000
443 -0.020000 0.010000
444 -0.020000 0.010000
445 -0.020000 0.010000
446 -0.025000 0.010000
447 -0.020000 0.015000
448 -0.020000 0.010000
449 -0.020000 0.010000
450 -0.025000 0.010000
451 -0.025000 0.010000
452 -0.015000 0.015000
453 -0.020000 0.010000
454 -0.025000 0.010000
455 -0.020000 0.015000
456 -0.015000 0.015000
457 -0.015000 0.015000
458 -0.020000 0.015000
459 -0.015000 0.015000
460 -0.015000 0.015000
461 -0.020000 0.015000
462 -0.015000 0.015000
463 -0.020000 0.010000
464 -0.020000 0.010000
465 -0.010000 0.015000
466 -0.010000 0.010000
467 -0.020000 0.010000
468 -0.015000 0.010000
469 -0.015000 0.010000
470 -0.025000 0.010000
471 -0.025000 0.010000
472 -0.030000 0.010000
473 -0.025000 0.010000
474 -0.020000 0.010000
475 -0.025000 0.010000
476 -0.025000 0.010000
477 -0.030000 0.005000
478 -0.015000 0.010000
479 -0.010000 0.015000
480 -0.020000 0.010000
481 -0.015000 0.015000
482 -0.010000 0.020000
483 -0.015000 0.025000
484 -0.020000 0.010000
485 -0.020000 0.010000
486 -0.020000 0.015000
487 -0.015000 0.010000
488 -0.015000 0.015000
489 -0.015000 0.015000
490 -0.025000 0.015000
491 -0.025000 0.015000
492 -0.025000 0.015000
493 -0.020000 0.015000
494 -0.025000 0.015000
495 -0.025000 0.015000
496 -0.020000 0.015000
497 -0.020000 0.015000
498 -0.020000 0.015000
499 -0.030000 0.020000
500 -0.025000 0.020000
501 -0.025000 0.015000
502 -0.025000 0.020000
503 -0.025000 0.015000
504 -0.025000 0.015000
505 -0.025000 0.015000
506 -0.025000 0.015000
507 -0.030000 0.020000
508 -0.030000 0.020000
509 -0.030000 0.020000
510 -0.030000 0.020000
511 -0.025000 0.015000
512 -0.020000 0.015000
513 -0.025000 0.015000
514 -0.020000 0.015000
515 -0.020000 0.015000
516 -0.020000 0.015000
517 -0.020000 0.015000
518 -0.020000 0.015000
519 -0.020000 0.015000
520 -0.020000 0.015000
521 -0.020000 0.015000
522 -0.025000 0.015000
523 -0.025000 0.015000
524 -0.020000 0.015000
525 -0.020000 0.015000
526 -0.020000 0.015000
527 -0.020000 0.015000
528 -0.020000 0.015000
529 -0.020000 0.015000
530 -0.035000 0.020000
531 -0.030000 0.020000
532 -0.045000 0.020000
533 -0.055000 0.025000
534 -0.025000 0.015000
535 -0.035000 0.015000
536 -0.055000 0.015000
537 -0.070000 0.020000
538 -0.075000 0.025000
539 -0.025000 0.015000
540 -0.025000 0.015000
541 -0.030000 0.020000
542 -0.020000 0.015000
543 -0.020000 0.015000
544 -0.025000 0.015000
545 -0.040000 0.015000
546 -0.040000 0.020000
547 -0.040000 0.020000
548 -0.055000 0.025000
549 -0.060000 0.025000
550 -0.060000 0.025000
551 -0.045000 0.020000
552 -0.045000 0.020000
553 -0.035000 0.020000
554 -0.080000 0.025000
555 -0.070000 0.025000
556 -0.060000 0.025000
557 -0.080000 0.025000
558 -0.075000 0.025000
559 -0.080000 0.035000
560 -0.100000 0.030000
561 -0.110000 0.045000
562 -0.020000 0.010000
563 -0.020000 0.010000
564 -0.025000 0.010000
565 -0.025000 0.010000
566 -0.025000 0.010000
567 -0.025000 0.010000
568 -0.020000 0.015000
569 -0.020000 0.015000
570 -0.015000 0.010000
571 -0.015000 0.015000
572 -0.015000 0.010000
573 -0.015000 0.010000
574 -0.025000 0.010000
575 -0.020000 0.015000
576 -0.020000 0.015000
577 -0.025000 0.010000
578 -0.015000 0.010000
579 -0.015000 0.010000
580 -0.020000 0.015000
581 -0.020000 0.015000
582 -0.015000 0.010000
583 -0.020000 0.015000
584 -0.015000 0.010000
585 -0.015000 0.010000
586 -0.015000 0.010000
587 -0.015000 0.010000
588 -0.020000 0.010000
589 -0.015000 0.015000
590 -0.015000 0.010000
591 -0.015000 0.010000
592 -0.015000 0.010000
593 -0.015000 0.010000
594 -0.020000 0.010000
595 -0.020000 0.010000
596 -0.020000 0.010000
597 -0.015000 0.010000
598 -0.020000 0.010000
599 -0.020000 0.010000
600 -0.015000 0.010000
601 -0.015000 0.010000
602 -0.020000 0.015000
603 -0.020000 0.015000
604 -0.020000 0.015000
605 -0.020000 0.015000
606 -0.020000 0.015000
607 -0.020000 0.015000
608 -0.020000 0.010000
609 -0.020000 0.010000
610 -0.020000 0.010000
611 -0.015000 0.010000
612 -0.025000 0.010000
613 -0.025000 0.010000
614 -0.020000 0.010000
615 -0.020000 0.010000
616 -0.020000 0.010000
617 -0.020000 0.010000
618 -0.025000 0.020000
619 -0.025000 0.020000
620 -0.020000 0.020000
621 -0.020000 0.020000
622 -0.025000 0.020000
623 -0.025000 0.020000
624 -0.025000 0.020000
625 -0.025000 0.020000
626 -0.020000 0.020000
627 -0.035000 0.025000
628 -0.030000 0.020000
629 -0.025000 0.015000
630 -0.030000 0.020000
631 -0.025000 0.015000
632 -0.025000 0.020000
633 -0.030000 0.025000
634 -0.025000 0.020000
635 -0.035000 0.025000
636 -0.035000 0.030000
637 -0.040000 0.035000
638 -0.045000 0.040000
639 -0.025000 0.020000
640 -0.025000 0.020000
641 -0.025000 0.020000
642 -0.020000 0.020000
643 -0.025000 0.015000
644 -0.025000 0.015000
645 -0.020000 0.015000
646 -0.025000 0.015000
647 -0.020000 0.015000
648 -0.020000 0.015000
649 -0.020000 0.010000
650 -0.020000 0.015000
651 -0.020000 0.015000
652 -0.020000 0.015000
653 -0.025000 0.015000
654 -0.025000 0.015000
655 -0.020000 0.015000
656 -0.020000 0.015000
657 -0.020000 0.015000
658 -0.020000 0.015000
659 -0.020000 0.015000
660 -0.020000 0.010000
661 -0.020000 0.015000
662 -0.020000 0.010000
663 -0.030000 0.020000
664 -0.030000 0.020000
665 -0.030000 0.020000
666 -0.030000 0.025000
667 -0.025000 0.015000
668 -0.025000 0.015000
669 -0.025000 0.015000
670 -0.025000 0.020000
671 -0.030000 0.020000
672 -0.020000 0.015000
673 -0.025000 0.015000
674 -0.025000 0.015000
675 -0.020000 0.015000
676 -0.025000 0.015000
677 -0.020000 0.015000
678 -0.045000 0.030000
679 -0.050000 0.040000
680 -0.050000 0.030000
681 -0.060000 0.040000
682 -0.065000 0.050000
683 -0.055000 0.045000
684 -0.040000 0.025000
685 -0.035000 0.020000
686 -0.055000 0.030000
687 -0.045000 0.025000
688 -0.070000 0.040000
689 -0.090000 0.050000
690 -0.020000 0.010000
691 -0.020000 0.010000
692 -0.020000 0.010000
693 -0.020000 0.010000
694 -0.020000 0.010000
695 -0.020000 0.010000
696 -0.020000 0.010000
697 -0.020000 0.010000
698 -0.020000 0.010000
699 -0.020000 0.010000
700 -0.020000 0.010000
701 -0.020000 0.010000
702 -0.020000 0.010000
703 -0.020000 0.010000
704 -0.020000 0.015000
705 -0.020000 0.010000
706 -0.020000 0.010000
707 -0.020000 0.010000
708 -0.020000 0.010000
709 -0.020000 0.010000
710 -0.020000 0.010000
711 -0.020000 0.010000
712 -0.020000 0.010000
713 -0.020000 0.010000
714 -0.020000 0.010000
715 -0.020000 0.015000
716 -0.020000 0.015000
717 -0.020000 0.015000
718 -0.020000 0.015000
719 -0.020000 0.010000
720 -0.020000 0.015000
721 -0.020000 0.010000
722 -0.020000 0.010000
723 -0.020000 0.015000
724 -0.020000 0.010000
725 -0.020000 0.010000
726 -0.020000 0.010000
727 -0.020000 0.010000
728 -0.020000 0.010000
729 -0.020000 0.010000
730 -0.020000 0.020000
731 -0.020000 0.020000
732 -0.020000 0.020000
733 -0.020000 0.020000
734 -0.025000 0.020000
735 -0.025000 0.020000
736 -0.020000 0.020000
737 -0.020000 0.020000
738 -0.020000 0.020000
739 -0.020000 0.015000
740 -0.020000 0.020000
741 -0.020000 0.015000
742 -0.025000 0.020000
743 -0.025000 0.020000
744 -0.025000 0.020000
745 -0.020000 0.020000
746 -0.020000 0.015000
747 -0.020000 0.015000
748 -0.020000 0.020000
749 -0.020000 0.015000
750 -0.020000 0.015000
751 -0.020000 0.010000
752 -0.020000 0.020000
753 -0.020000 0.015000
754 -0.020000 0.020000
755 -0.020000 0.020000
756 -0.020000 0.020000
757 -0.020000 0.025000
758 -0.020000 0.020000
759 -0.015000 0.015000
760 -0.020000 0.020000
761 -0.015000 0.015000
762 -0.020000 0.015000
763 -0.020000 0.015000
764 -0.020000 0.015000
765 -0.020000 0.015000
766 -0.020000 0.010000
767 -0.020000 0.015000
768 -0.020000 0.010000
769 -0.015000 0.010000
770 -0.015000 0.010000
771 -0.020000 0.010000
772 -0.020000 0.010000
773 -0.015000 0.010000
774 -0.020000 0.010000
775 -0.015000 0.010000
776 -0.020000 0.010000
777 -0.020000 0.015000
778 -0.020000 0.010000
779 -0.020000 0.010000
780 -0.020000 0.010000
781 -0.020000 0.010000
782 -0.020000 0.010000
783 -0.020000 0.010000
784 -0.020000 0.015000
785 -0.020000 0.010000
786 -0.015000 0.010000
787 -0.020000 0.010000
788 -0.020000 0.015000
789 -0.020000 0.010000
790 -0.015000 0.010000
791 -0.015000 0.010000
792 -0.015000 0.010000
793 -0.015000 0.010000
794 -0.020000 0.010000
795 -0.020000 0.010000
796 -0.020000 0.010000
797 -0.015000 0.010000
798 -0.015000 0.010000
799 -0.020000 0.010000
800 -0.015000 0.010000
801 -0.015000 0.010000
802 -0.020000 0.010000
803 -0.020000 0.010000
804 -0.020000 0.010000
805 -0.020000 0.010000
806 -0.020000 0.010000
807 -0.025000 0.010000
808 -0.020000 0.010000
809 -0.025000 0.010000
810 -0.015000 0.010000
811 -0.020000 0.010000
812 -0.015000 0.010000
813 -0.015000 0.010000
814 -0.015000 0.010000
815 -0.015000 0.010000
816 -0.020000 0.010000
817 -0.015000 0.010000
818 -0.015000 0.015000
819 -0.015000 0.015000
820 -0.015000 0.015000
821 -0.015000 0.015000
822 -0.015000 0.015000
823 -0.015000 0.015000
824 -0.010000 0.015000
825 -0.015000 0.015000
826 -0.015000 0.015000
827 -0.015000 0.010000
828 -0.015000 0.010000
829 -0.015000 0.010000
830 -0.015000 0.010000
831 -0.015000 0.015000
832 -0.015000 0.015000
833 -0.010000 0.010000
834 -0.015000 0.015000
835 -0.015000 0.010000
836 -0.010000 0.010000
837 -0.015000 0.010000
838 -0.010000 0.010000
839 -0.010000 0.015000
840 -0.010000 0.015000
841 -0.010000 0.015000
842 -0.010000 0.015000
843 -0.015000 0.015000
844 -0.015000 0.015000
845 -0.015000 0.015000
846 -0.015000 0.015000
847 -0.015000 0.015000
848 -0.015000 0.015000
849 -0.015000 0.015000
850 -0.015000 0.015000
851 -0.015000 0.015000
852 -0.015000 0.015000
853 -0.015000 0.015000
854 -0.015000 0.015000
855 -0.015000 0.015000
856 -0.015000 0.015000
857 -0.015000 0.015000
858 -0.015000 0.015000
859 -0.015000 0.015000
860 -0.015000 0.015000
861 -0.015000 0.015000
862 -0.015000 0.015000
863 -0.020000 0.010000
864 -0.020000 0.015000
865 -0.020000 0.010000
866 -0.020000 0.010000
867 -0.020000 0.015000
868 -0.020000 0.010000
869 -0.015000 0.015000
870 -0.015000 0.015000
871 -0.015000 0.015000
872 -0.020000 0.010000
873 -0.015000 0.015000
874 -0.015000 0.015000
875 -0.015000 0.015000
876 -0.020000 0.010000
877 -0.020000 0.010000
878 -0.015000 0.015000
879 -0.015000 0.015000
880 -0.015000 0.015000
881 -0.015000 0.015000
882 -0.015000 0.015000
883 -0.015000 0.010000
884 -0.020000 0.015000
885 -0.015000 0.015000
886 -0.015000 0.015000
887 -0.020000 0.015000
888 -0.015000 0.015000
889 -0.015000 0.015000
890 -0.015000 0.015000
891 -0.015000 0.015000
892 -0.015000 0.015000
893 -0.015000 0.015000
894 -0.015000 0.015000
895 -0.015000 0.015000
896 -0.015000 0.015000
897 -0.015000 0.015000
898 -0.015000 0.015000
899 -0.010000 0.015000
900 -0.015000 0.015000
901 -0.015000 0.015000
902 -0.015000 0.015000
903 -0.015000 0.015000
904 -0.015000 0.015000
905 -0.015000 0.015000
906 -0.015000 0.015000
907 -0.010000 0.015000
908 -0.015000 0.015000
909 -0.010000 0.015000
910 -0.015000 0.015000
911 -0.015000 0.015000
912 -0.015000 0.015000
913 -0.015000 0.015000
914 -0.015000 0.015000
915 -0.015000 0.015000
916 -0.015000 0.015000
917 -0.015000 0.015000
918 -0.015000 0.015000
919 -0.015000 0.015000
920 -0.015000 0.015000
921 -0.015000 0.015000
922 -0.015000 0.015000
923 -0.015000 0.015000
924 -0.015000 0.015000
925 -0.010000 0.015000
926 -0.010000 0.015000
927 -0.010000 0.015000
928 -0.010000 0.015000
929 -0.010000 0.015000
930 -0.010000 0.015000
931 -0.015000 0.015000
932 -0.015000 0.015000
933 -0.015000 0.015000
934 -0.010000 0.015000
935 -0.010000 0.015000
936 -0.010000 0.015000
937 -0.010000 0.015000
938 -0.015000 0.015000
939 -0.010000 0.015000
940 -0.015000 0.015000
941 -0.010000 0.015000
942 -0.010000 0.015000
943 -0.010000 0.015000
944 -0.010000 0.015000
945 -0.010000 0.015000
946 -0.010000 0.015000
947 -0.020000 0.015000
948 -0.010000 0.015000
949 -0.010000 0.015000
950 -0.015000 0.015000
951 -0.015000 0.015000
952 -0.020000 0.015000
953 -0.015000 0.010000
954 -0.015000 0.010000
955 -0.015000 0.010000
956 -0.015000 0.010000
957 -0.015000 0.010000
958 -0.020000 0.010000
959 -0.015000 0.010000
960 -0.015000 0.010000
961 -0.015000 0.010000
962 -0.010000 0.010000
963 -0.015000 0.010000
964 -0.010000 0.015000
965 -0.020000 0.010000
966 -0.015000 0.010000
967 -0.015000 0.010000
968 -0.020000 0.010000
969 -0.015000 0.015000
970 -0.015000 0.015000
971 -0.015000 0.015000
972 -0.015000 0.015000
973 -0.015000 0.015000
974 -0.015000 0.015000
975 -0.015000 0.010000
976 -0.015000 0.015000
977 -0.010000 0.015000
978 -0.015000 0.015000
979 -0.015000 0.010000
980 -0.015000 0.015000
981 -0.010000 0.015000
982 -0.010000 0.015000
983 -0.005000 0.015000
984 -0.010000 0.015000
985 -0.010000 0.015000
986 -0.010000 0.015000
987 -0.010000 0.015000
988 -0.010000 0.015000
989 -0.010000 0.015000
990 -0.010000 0.015000
991 -0.015000 0.015000
992 -0.010000 0.015000
993 -0.010000 0.010000
994 -0.010000 0.010000
995 -0.010000 0.010000
996 -0.010000 0.010000
997 -0.010000 0.015000
998 -0.010000 0.010000
999 -0.005000 0.010000
1000 -0.010000 0.015000
1001 -0.010000 0.010000
1002 -0.025000 0.020000
1003 -0.025000 0.020000
1004 -0.025000 0.020000
1005 -0.025000 0.020000
1006 -0.025000 0.020000
1007 -0.025000 0.020000
1008 -0.030000 0.020000
1009 -0.025000 0.020000
1010 -0.025000 0.020000
1011 -0.025000 0.015000
1012 -0.025000 0.020000
1013 -0.025000 0.015000
1014 -0.025000 0.015000
1015 -0.025000 0.020000
1016 -0.025000 0.015000
1017 -0.025000 0.015000
1018 -0.025000 0.020000
1019 -0.025000 0.020000
1020 -0.025000 0.020000
1021 -0.025000 0.020000
1022 -0.025000 0.020000
1023 -0.025000 0.020000
1024 -0.035000 0.015000
1025 -0.025000 0.015000
1026 -0.035000 0.020000
1027 -0.025000 0.015000
1028 -0.025000 0.020000
1029 -0.020000 0.015000
1030 -0.020000 0.015000
1031 -0.025000 0.020000
1032 -0.020000 0.015000
1033 -0.020000 0.015000
1034 -0.020000 0.015000
1035 -0.020000 0.015000
1036 -0.025000 0.020000
1037 -0.025000 0.020000
1038 -0.025000 0.015000
1039 -0.025000 0.020000
1040 -0.025000 0.020000
1041 -0.025000 0.020000
1042 -0.025000 0.020000
1043 -0.020000 0.015000
1044 -0.020000 0.015000
1045 -0.020000 0.015000
1046 -0.020000 0.015000
1047 -0.020000 0.010000
1048 -0.020000 0.010000
1049 -0.020000 0.010000
1050 -0.020000 0.010000
1051 -0.020000 0.010000
1052 -0.020000 0.010000
1053 -0.015000 0.010000
1054 -0.020000 0.010000
1055 -0.020000 0.010000
1056 -0.020000 0.015000
1057 -0.020000 0.015000
1058 -0.025000 0.015000
1059 -0.020000 0.010000
1060 -0.020000 0.010000
1061 -0.020000 0.015000
1062 -0.020000 0.010000
1063 -0.020000 0.010000
1064 -0.015000 0.010000
1065 -0.015000 0.010000
1066 -0.015000 0.010000
1067 -0.020000 0.010000
1068 -0.020000 0.015000
1069 -0.020000 0.010000
1070 -0.020000 0.015000
1071 -0.020000 0.015000
1072 -0.020000 0.020000
1073 -0.020000 0.010000
1074 -0.025000 0.010000
1075 -0.020000 0.010000
1076 -0.020000 0.010000
1077 -0.020000 0.010000
1078 -0.020000 0.010000
1079 -0.020000 0.015000
1080 -0.020000 0.020000
1081 -0.020000 0.010000
1082 -0.015000 0.020000
1083 -0.025000 0.015000
1084 -0.025000 0.015000
1085 -0.020000 0.015000
1086 -0.020000 0.015000
1087 -0.030000 0.015000
1088 -0.020000 0.015000
1089 -0.015000 0.015000
1090 -0.015000 0.015000
1091 -0.015000 0.015000
1092 -0.060000 0.015000
1093 -0.045000 0.015000
1094 -0.040000 0.015000
1095 -0.050000 0.015000
1096 -0.035000 0.015000
1097 -0.045000 0.015000
1098 -0.035000 0.015000
1099 -0.035000 0.015000
1100 -0.050000 0.015000
1101 -0.050000 0.015000
1102 -0.065000 0.015000
1103 -0.065000 0.015000
1104 -0.020000 0.015000
1105 -0.015000 0.015000
1106 -0.020000 0.015000
1107 -0.015000 0.015000
1108 -0.035000 0.015000
1109 -0.025000 0.015000
1110 -0.025000 0.015000
1111 -0.030000 0.015000
1112 -0.020000 0.015000
1113 -0.020000 0.015000
1114 -0.020000 0.015000
1115 -0.030000 0.015000
1116 -0.045000 0.015000
1117 -0.020000 0.015000
1118 -0.020000 0.015000
1119 -0.020000 0.015000
1120 -0.020000 0.015000
1121 -0.020000 0.015000
1122 -0.020000 0.015000
1123 -0.065000 0.015000
1124 -0.055000 0.015000
1125 -0.070000 0.020000
1126 -0.085000 0.020000
1127 -0.050000 0.015000
1128 -0.055000 0.020000
1129 -0.070000 0.020000
1130 -0.090000 0.020000
1131 -0.100000 0.020000
1132 -0.045000 0.015000
1133 -0.050000 0.015000
1134 -0.055000 0.015000
1135 -0.040000 0.015000
1136 -0.035000 0.015000
1137 -0.045000 0.020000
1138 -0.050000 0.020000
1139 -0.070000 0.020000
1140 -0.070000 0.020000
1141 -0.085000 0.020000
1142 -0.095000 0.020000
1143 -0.095000 0.020000
1144 -0.075000 0.015000
1145 -0.075000 0.020000
1146 -0.060000 0.015000
1147 -0.110000 0.015000
1148 -0.100000 0.020000
1149 -0.095000 0.015000
1150 -0.110000 0.020000
1151 -0.105000 0.020000
1152 -0.105000 0.020000
1153 -0.115000 0.020000
1154 -0.115000 0.025000
1155 -0.015000 0.010000
1156 -0.020000 0.010000
1157 -0.020000 0.010000
1158 -0.020000 0.010000
1159 -0.020000 0.010000
1160 -0.020000 0.010000
1161 -0.025000 0.010000
1162 -0.025000 0.010000
1163 -0.020000 0.010000
1164 -0.020000 0.010000
1165 -0.015000 0.010000
1166 -0.015000 0.010000
1167 -0.020000 0.010000
1168 -0.020000 0.010000
1169 -0.020000 0.010000
1170 -0.020000 0.005000
1171 -0.020000 0.010000
1172 -0.020000 0.005000
1173 -0.020000 0.010000
1174 -0.020000 0.010000
1175 -0.015000 0.010000
1176 -0.015000 0.010000
1177 -0.015000 0.015000
1178 -0.015000 0.015000
1179 -0.015000 0.015000
1180 -0.015000 0.015000
1181 -0.015000 0.010000
1182 -0.015000 0.010000
1183 -0.015000 0.010000
1184 -0.020000 0.015000
1185 -0.020000 0.010000
1186 -0.020000 0.015000
1187 -0.015000 0.010000
1188 -0.015000 0.010000
1189 -0.015000 0.015000
1190 -0.015000 0.010000
1191 -0.015000 0.015000
1192 -0.015000 0.015000
1193 -0.015000 0.015000
1194 -0.015000 0.015000
1195 -0.015000 0.015000
1196 -0.015000 0.015000
1197 -0.015000 0.010000
1198 -0.015000 0.010000
1199 -0.015000 0.015000
1200 -0.015000 0.015000
1201 -0.015000 0.015000
1202 -0.015000 0.015000
1203 -0.025000 0.010000
1204 -0.020000 0.005000
1205 -0.020000 0.010000
1206 -0.020000 0.010000
1207 -0.020000 0.010000
1208 -0.020000 0.005000
1209 -0.015000 0.010000
1210 -0.020000 0.010000
1211 -0.020000 0.015000
1212 -0.020000 0.015000
1213 -0.015000 0.015000
1214 -0.015000 0.015000
1215 -0.020000 0.015000
1216 -0.015000 0.010000
1217 -0.015000 0.015000
1218 -0.015000 0.010000
1219 -0.015000 0.010000
1220 -0.015000 0.015000
1221 -0.015000 0.015000
1222 -0.015000 0.010000
1223 -0.015000 0.015000
1224 -0.015000 0.015000
1225 -0.015000 0.015000
1226 -0.015000 0.010000
1227 -0.015000 0.010000
1228 -0.015000 0.015000
1229 -0.015000 0.015000
1230 -0.015000 0.015000
1231 -0.015000 0.010000
1232 -0.015000 0.010000
1233 -0.015000 0.010000
1234 -0.010000 0.015000
1235 -0.015000 0.015000
1236 -0.010000 0.015000
1237 -0.010000 0.015000
1238 -0.015000 0.015000
1239 -0.010000 0.015000
1240 -0.015000 0.015000
1241 -0.015000 0.015000
1242 -0.010000 0.015000
1243 -0.010000 0.015000
1244 -0.015000 0.010000
1245 -0.015000 0.010000
1246 -0.015000 0.010000
1247 -0.015000 0.010000
1248 -0.015000 0.005000
1249 -0.015000 0.005000
1250 -0.015000 0.005000
1251 -0.015000 0.010000
1252 -0.015000 0.010000
1253 -0.015000 0.010000
1254 -0.015000 0.010000
1255 -0.015000 0.010000
1256 -0.015000 0.005000
1257 -0.015000 0.005000
1258 -0.015000 0.010000
1259 -0.015000 0.010000
1260 -0.015000 0.005000
1261 -0.015000 0.005000
1262 -0.015000 0.005000
1263 -0.015000 0.005000
1264 -0.015000 0.010000
1265 -0.015000 0.010000
1266 -0.020000 0.010000
1267 -0.020000 0.010000
1268 -0.015000 0.010000
1269 -0.015000 0.010000
1270 -0.020000 0.010000
1271 -0.025000 0.010000
1272 -0.025000 0.010000
1273 -0.015000 0.010000
1274 -0.015000 0.010000
1275 -0.015000 0.010000
1276 -0.020000 0.010000
1277 -0.015000 0.010000
1278 -0.015000 0.010000
1279 -0.015000 0.010000
1280 -0.015000 0.010000
1281 -0.020000 0.010000
1282 -0.020000 0.010000
1283 -0.015000 0.010000
1284 -0.015000 0.010000
1285 -0.015000 0.010000
1286 -0.020000 0.010000
1287 -0.015000 0.010000
1288 -0.015000 0.010000
1289 -0.015000 0.010000
1290 -0.020000 0.010000
1291 -0.015000 0.010000
1292 -0.030000 0.015000
1293 -0.025000 0.015000
1294 -0.025000 0.010000
1295 -0.025000 0.015000
1296 -0.025000 0.015000
1297 -0.020000 0.015000
1298 -0.030000 0.015000
1299 -0.025000 0.015000
1300 -0.015000 0.005000
1301 -0.015000 0.005000
1302 -0.015000 0.005000
1303 -0.015000 0.005000
1304 -0.015000 0.005000
1305 -0.015000 0.005000
1306 -0.015000 0.005000
1307 -0.015000 0.005000
1308 -0.015000 0.005000
1309 -0.015000 0.005000
1310 -0.015000 0.005000
1311 -0.015000 0.005000
1312 -0.015000 0.005000
1313 -0.015000 0.005000
1314 -0.015000 0.005000
1315 -0.015000 0.005000
1316 -0.015000 0.005000
1317 -0.015000 0.005000
1318 -0.015000 0.005000
1319 -0.015000 0.005000
1320 -0.015000 0.005000
1321 -0.015000 0.005000
1322 -0.015000 0.005000
1323 -0.015000 0.010000
1324 -0.015000 0.005000
1325 -0.015000 0.005000
1326 -0.015000 0.005000
1327 -0.015000 0.005000
1328 -0.015000 0.005000
1329 -0.015000 0.005000
1330 -0.015000 0.005000
1331 -0.015000 0.005000
1332 -0.015000 0.005000
1333 -0.015000 0.005000
1334 -0.015000 0.005000
1335 -0.015000 0.005000
1336 -0.015000 0.005000
1337 -0.015000 0.010000
1338 -0.020000 0.005000
1339 -0.015000 0.010000
1340 -0.015000 0.010000
1341 -0.015000 0.010000
1342 -0.015000 0.010000
1343 -0.015000 0.010000
1344 -0.015000 0.005000
1345 -0.015000 0.005000
1346 -0.015000 0.005000
1347 -0.015000 0.010000
1348 -0.015000 0.010000
1349 -0.015000 0.010000
1350 -0.015000 0.010000
1351 -0.015000 0.005000
1352 -0.015000 0.005000
1353 -0.020000 0.010000
1354 -0.020000 0.010000
1355 -0.015000 0.010000
1356 -0.015000 0.005000
1357 -0.020000 0.010000
1358 -0.020000 0.010000
1359 -0.020000 0.010000
1360 -0.015000 0.010000
1361 -0.020000 0.010000
1362 -0.020000 0.010000
1363 -0.015000 0.005000
1364 -0.015000 0.005000
1365 -0.015000 0.010000
1366 -0.015000 0.010000
1367 -0.015000 0.010000
1368 -0.015000 0.010000
1369 -0.015000 0.005000
1370 -0.015000 0.005000
1371 -0.015000 0.005000
1372 -0.015000 0.005000
1373 -0.015000 0.005000
1374 -0.015000 0.005000
1375 -0.015000 0.010000
1376 -0.015000 0.010000
1377 -0.015000 0.005000
1378 -0.015000 0.005000
1379 -0.015000 0.005000
1380 -0.015000 0.005000
1381 -0.015000 0.010000
1382 -0.015000 0.010000
1383 -0.015000 0.005000
1384 -0.015000 0.005000
1385 -0.015000 0.005000
1386 -0.015000 0.005000
1387 -0.015000 0.005000
1388 -0.015000 0.005000
1389 -0.015000 0.005000
1390 -0.015000 0.005000
1391 -0.015000 0.005000
1392 -0.015000 0.005000
1393 -0.015000 0.005000
1394 -0.015000 0.005000
1395 -0.015000 0.005000
1396 -0.015000 0.005000
1397 -0.015000 0.005000
1398 -0.015000 0.005000
1399 -0.015000 0.005000
1400 -0.015000 0.005000
1401 -0.015000 0.005000
1402 -0.015000 0.005000
1403 -0.015000 0.005000
1404 -0.015000 0.005000
1405 -0.015000 0.005000
1406 -0.015000 0.005000
1407 -0.015000 0.005000
1408 -0.015000 0.005000
1409 -0.015000 0.005000
1410 -0.015000 0.010000
1411 -0.015000 0.010000
1412 -0.015000 0.005000
1413 -0.015000 0.005000
1414 -0.015000 0.005000
1415 -0.015000 0.005000
1416 -0.015000 0.005000
1417 -0.015000 0.010000
1418 -0.015000 0.010000
1419 -0.025000 0.020000
1420 -0.025000 0.020000
1421 -0.030000 0.020000
1422 -0.030000 0.020000
1423 -0.025000 0.020000
1424 -0.030000 0.020000
1425 -0.030000 0.020000
1426 -0.030000 0.015000
1427 -0.030000 0.015000
1428 -0.025000 0.020000
1429 -0.025000 0.020000
1430 -0.025000 0.020000
1431 -0.025000 0.020000
1432 -0.020000 0.020000
1433 -0.020000 0.020000
1434 -0.035000 0.025000
1435 -0.025000 0.020000
1436 -0.025000 0.025000
1437 -0.025000 0.025000
1438 -0.025000 0.025000
1439 -0.025000 0.025000
1440 -0.030000 0.020000
1441 -0.040000 0.020000
1442 -0.050000 0.020000
1443 -0.060000 0.025000
1444 -0.020000 0.015000
1445 -0.020000 0.015000
1446 -0.020000 0.015000
1447 -0.025000 0.015000
1448 -0.025000 0.015000
1449 -0.020000 0.015000
1450 -0.020000 0.015000
1451 -0.020000 0.015000
1452 -0.025000 0.015000
1453 -0.025000 0.020000
1454 -0.020000 0.020000
1455 -0.020000 0.020000
1456 -0.030000 0.015000
1457 -0.025000 0.015000
1458 -0.030000 0.020000
1459 -0.030000 0.015000
1460 -0.025000 0.015000
1461 -0.025000 0.015000
1462 -0.025000 0.015000
1463 -0.025000 0.015000
1464 -0.020000 0.020000
1465 -0.020000 0.020000
1466 -0.020000 0.020000
1467 -0.020000 0.020000
1468 -0.025000 0.015000
1469 -0.025000 0.015000
1470 -0.030000 0.015000
1471 -0.025000 0.020000
1472 -0.020000 0.020000
1473 -0.025000 0.015000
1474 -0.020000 0.020000
1475 -0.020000 0.020000
1476 -0.025000 0.015000
1477 -0.025000 0.015000
1478 -0.025000 0.015000
1479 -0.025000 0.015000
1480 -0.025000 0.015000
1481 -0.025000 0.015000
1482 -0.025000 0.010000
1483 -0.025000 0.010000
1484 -0.020000 0.020000
1485 -0.025000 0.020000
1486 -0.025000 0.020000
1487 -0.025000 0.020000
1488 -0.025000 0.025000
1489 -0.025000 0.025000
1490 -0.020000 0.020000
1491 -0.020000 0.020000
1492 -0.035000 0.020000
1493 -0.030000 0.020000
1494 -0.020000 0.020000
1495 -0.020000 0.025000
1496 -0.035000 0.020000
1497 -0.035000 0.025000
1498 -0.045000 0.025000
1499 -0.050000 0.025000
1500 -0.030000 0.015000
1501 -0.030000 0.015000
1502 -0.025000 0.015000
1503 -0.025000 0.015000
1504 -0.025000 0.015000
1505 -0.025000 0.015000
1506 -0.020000 0.015000
1507 -0.020000 0.015000
1508 -0.025000 0.015000
1509 -0.030000 0.015000
1510 -0.030000 0.010000
1511 -0.030000 0.015000
1512 -0.030000 0.015000
1513 -0.030000 0.015000
1514 -0.030000 0.015000
1515 -0.025000 0.010000
1516 -0.025000 0.010000
1517 -0.030000 0.015000
1518 -0.020000 0.015000
1519 -0.015000 0.010000
1520 -0.030000 0.015000
1521 -0.030000 0.015000
1522 -0.030000 0.015000
1523 -0.030000 0.015000
1524 -0.030000 0.015000
1525 -0.030000 0.015000
1526 -0.030000 0.015000
1527 -0.030000 0.015000
1528 -0.030000 0.015000
1529 -0.025000 0.015000
1530 -0.025000 0.015000
1531 -0.025000 0.015000
1532 -0.025000 0.015000
1533 -0.025000 0.015000
1534 -0.025000 0.015000
1535 -0.030000 0.015000
1536 -0.035000 0.015000
1537 -0.055000 0.015000
1538 -0.050000 0.015000
1539 -0.035000 0.015000
1540 -0.055000 0.015000
1541 -0.075000 0.020000
1542 -0.075000 0.020000
1543 -0.075000 0.020000
1544 -0.030000 0.015000
1545 -0.030000 0.015000
1546 -0.030000 0.015000
1547 -0.035000 0.015000
1548 -0.030000 0.015000
1549 -0.050000 0.020000
1550 -0.070000 0.025000
1551 -0.030000 0.015000
1552 -0.030000 0.015000
1553 -0.030000 0.015000
1554 -0.030000 0.015000
1555 -0.030000 0.015000
1556 -0.030000 0.015000
1557 -0.060000 0.015000
1558 -0.030000 0.015000
1559 -0.045000 0.015000
1560 -0.070000 0.015000
1561 -0.030000 0.015000
1562 -0.045000 0.015000
1563 -0.020000 0.010000
1564 -0.020000 0.010000
1565 -0.025000 0.010000
1566 -0.020000 0.010000
1567 -0.020000 0.010000
1568 -0.025000 0.010000
1569 -0.015000 0.010000
1570 -0.020000 0.010000
1571 -0.020000 0.010000
1572 -0.015000 0.010000
1573 -0.015000 0.010000
1574 -0.015000 0.010000
1575 -0.020000 0.010000
1576 -0.020000 0.010000
1577 -0.020000 0.010000
1578 -0.015000 0.010000
1579 -0.015000 0.010000
1580 -0.015000 0.010000
1581 -0.025000 0.010000
1582 -0.020000 0.010000
1583 -0.015000 0.015000
1584 -0.020000 0.010000
1585 -0.020000 0.015000
1586 -0.020000 0.015000
1587 -0.020000 0.010000
1588 -0.020000 0.015000
1589 -0.020000 0.010000
1590 -0.020000 0.010000
1591 -0.015000 0.010000
1592 -0.020000 0.010000
1593 -0.020000 0.010000
1594 -0.020000 0.015000
1595 -0.015000 0.010000
1596 -0.015000 0.010000
1597 -0.015000 0.005000
1598 -0.015000 0.005000
1599 -0.015000 0.010000
1600 -0.015000 0.010000
1601 -0.015000 0.010000
1602 -0.015000 0.010000
1603 -0.015000 0.010000
1604 -0.015000 0.015000
1605 -0.020000 0.015000
1606 -0.015000 0.010000
1607 -0.015000 0.010000
1608 -0.015000 0.010000
1609 -0.015000 0.010000
1610 -0.015000 0.010000
1611 -0.015000 0.010000
1612 -0.015000 0.010000
1613 -0.015000 0.010000
1614 -0.015000 0.010000
1615 -0.015000 0.010000
1616 -0.015000 0.005000
1617 -0.015000 0.010000
1618 -0.015000 0.010000
1619 -0.065000 0.015000
1620 -0.055000 0.015000
1621 -0.020000 0.050000
1622 -0.020000 0.035000
1623 -0.040000 0.020000
1624 -0.020000 0.050000
1625 -0.020000 0.090000
1626 -0.020000 0.080000
1627 -0.020000 0.065000
1628 -0.050000 0.015000
1629 -0.070000 0.015000
1630 -0.080000 0.015000
1631 -0.060000 0.015000
1632 -0.090000 0.015000
1633 -0.075000 0.015000
1634 -0.020000 0.030000
1635 -0.025000 0.025000
1636 -0.060000 0.020000
1637 -0.055000 0.025000
1638 -0.040000 0.010000
1639 -0.040000 0.015000
1640 -0.020000 0.065000
1641 -0.025000 0.090000
1642 -0.020000 0.060000
1643 -0.025000 0.085000
1644 -0.070000 0.015000
1645 -0.075000 0.015000
1646 -0.050000 0.015000
1647 -0.050000 0.015000
1648 -0.055000 0.015000
1649 -0.040000 0.015000
1650 -0.030000 0.015000
1651 -0.040000 0.015000
1652 -0.040000 0.015000
1653 -0.065000 0.015000
1654 -0.085000 0.015000
1655 -0.080000 0.015000
1656 -0.020000 0.040000
1657 -0.025000 0.015000
1658 -0.025000 0.020000
1659 -0.020000 0.055000
1660 -0.020000 0.015000
1661 -0.015000 0.015000
1662 -0.015000 0.025000
1663 -0.015000 0.020000
1664 -0.025000 0.015000
1665 -0.030000 0.015000
1666 -0.030000 0.015000
1667 -0.030000 0.015000
1668 -0.030000 0.015000
1669 -0.025000 0.015000
1670 -0.020000 0.015000
1671 -0.025000 0.015000
1672 -0.025000 0.015000
1673 -0.040000 0.015000
1674 -0.045000 0.015000
1675 -0.035000 0.015000
1676 -0.025000 0.015000
1677 -0.025000 0.015000
1678 -0.040000 0.015000
1679 -0.035000 0.015000
1680 -0.020000 0.015000
1681 -0.015000 0.015000
1682 -0.020000 0.015000
1683 -0.010000 0.015000
1684 -0.025000 0.010000
1685 -0.035000 0.010000
1686 -0.035000 0.010000
1687 -0.040000 0.010000
1688 -0.035000 0.010000
1689 -0.030000 0.010000
1690 -0.015000 0.010000
1691 -0.010000 0.010000
1692 -0.015000 0.010000
1693 -0.025000 0.010000
1694 -0.020000 0.015000
1695 -0.015000 0.015000
1696 -0.030000 0.010000
1697 -0.025000 0.010000
1698 -0.015000 0.010000
1699 -0.015000 0.010000
1700 -0.020000 0.040000
1701 -0.020000 0.020000
1702 -0.015000 0.020000
1703 -0.015000 0.040000
1704 -0.020000 0.015000
1705 -0.020000 0.015000
1706 -0.020000 0.015000
1707 -0.015000 0.020000
1708 -0.015000 0.040000
1709 -0.020000 0.020000
1710 -0.020000 0.015000
1711 -0.020000 0.025000
1712 -0.025000 0.030000
1713 -0.020000 0.040000
1714 -0.025000 0.040000
1715 -0.025000 0.015000
1716 -0.020000 0.020000
1717 -0.020000 0.020000
1718 -0.025000 0.015000
1719 -0.020000 0.015000
1720 -0.025000 0.055000
1721 -0.020000 0.060000
1722 -0.020000 0.060000
1723 -0.025000 0.070000
1724 -0.020000 0.055000
1725 -0.020000 0.050000
1726 -0.020000 0.050000
1727 -0.025000 0.050000
1728 -0.025000 0.045000
1729 -0.015000 0.040000
1730 -0.020000 0.050000
1731 -0.020000 0.050000
1732 -0.015000 0.045000
1733 -0.020000 0.040000
1734 -0.015000 0.030000
1735 -0.025000 0.055000
1736 -0.025000 0.070000
1737 -0.025000 0.065000
1738 -0.025000 0.055000
1739 -0.025000 0.080000
1740 -0.025000 0.075000
1741 -0.030000 0.075000
1742 -0.025000 0.060000
1743 -0.030000 0.045000
1744 -0.025000 0.065000
1745 -0.025000 0.060000
1746 -0.025000 0.045000
1747 -0.025000 0.090000
1748 -0.025000 0.080000
1749 -0.025000 0.095000
1750 -0.025000 0.085000
1751 -0.020000 0.020000
1752 -0.020000 0.025000
1753 -0.020000 0.020000
1754 -0.025000 0.020000
1755 -0.025000 0.040000
1756 -0.025000 0.030000
1757 -0.030000 0.025000
1758 -0.025000 0.025000
1759 -0.025000 0.040000
1760 -0.030000 0.035000
1761 -0.030000 0.025000
1762 -0.030000 0.025000
1763 -0.020000 0.015000
1764 -0.020000 0.015000
1765 -0.025000 0.015000
1766 -0.030000 0.015000
1767 -0.015000 0.015000
1768 -0.020000 0.015000
1769 -0.010000 0.010000
1770 -0.010000 0.015000
1771 -0.010000 0.015000
1772 -0.010000 0.015000
1773 -0.010000 0.015000
1774 -0.010000 0.015000
1775 -0.010000 0.015000
1776 -0.010000 0.015000
1777 -0.010000 0.015000
1778 -0.010000 0.015000
1779 -0.010000 0.015000
1780 -0.010000 0.015000
1781 -0.015000 0.015000
1782 -0.010000 0.015000
1783 -0.015000 0.030000
1784 -0.015000 0.030000
1785 -0.015000 0.040000
1786 -0.015000 0.035000
1787 -0.015000 0.015000
1788 -0.015000 0.030000
1789 -0.015000 0.015000
1790 -0.010000 0.015000
1791 -0.010000 0.015000
1792 -0.020000 0.015000
1793 -0.030000 0.015000
1794 -0.015000 0.020000
1795 -0.015000 0.015000
1796 -0.015000 0.015000
1797 -0.015000 0.010000
1798 -0.015000 0.010000
1799 -0.015000 0.015000
1800 -0.020000 0.015000
1801 -0.015000 0.020000
1802 -0.015000 0.015000
1803 -0.010000 0.015000
1804 -0.020000 0.015000
1805 -0.015000 0.020000
1806 -0.020000 0.010000
1807 -0.010000 0.010000
1808 -0.010000 0.015000
1809 -0.010000 0.010000
1810 -0.010000 0.015000
1811 -0.010000 0.015000
1812 -0.010000 0.015000
1813 -0.010000 0.010000
1814 -0.010000 0.010000
1815 -0.010000 0.010000
1816 -0.010000 0.010000
1817 -0.015000 0.010000
1818 -0.015000 0.015000
1819 -0.025000 0.025000
1820 -0.030000 0.025000
1821 -0.025000 0.025000
1822 -0.020000 0.025000
1823 -0.035000 0.025000
1824 -0.030000 0.030000
1825 -0.025000 0.030000
1826 -0.020000 0.030000
1827 -0.015000 0.030000
1828 -0.070000 0.025000
1829 -0.050000 0.025000
1830 -0.045000 0.025000
1831 -0.055000 0.025000
1832 -0.035000 0.025000
1833 -0.045000 0.020000
1834 -0.055000 0.030000
1835 -0.045000 0.030000
1836 -0.070000 0.025000
1837 -0.080000 0.025000
1838 -0.085000 0.025000
1839 -0.095000 0.025000
1840 -0.030000 0.030000
1841 -0.030000 0.030000
1842 -0.045000 0.030000
1843 -0.050000 0.030000
1844 -0.025000 0.020000
1845 -0.020000 0.020000
1846 -0.020000 0.015000
1847 -0.020000 0.015000
1848 -0.020000 0.020000
1849 -0.015000 0.020000
1850 -0.015000 0.015000
1851 -0.015000 0.015000
1852 -0.015000 0.015000
1853 -0.020000 0.025000
1854 -0.030000 0.020000
1855 -0.035000 0.020000
1856 -0.015000 0.025000
1857 -0.015000 0.025000
1858 -0.020000 0.025000
1859 -0.015000 0.025000
1860 -0.015000 0.020000
1861 -0.015000 0.015000
1862 -0.015000 0.020000
1863 -0.015000 0.020000
1864 -0.060000 0.020000
1865 -0.045000 0.015000
1866 -0.050000 0.015000
1867 -0.065000 0.015000
1868 -0.030000 0.015000
1869 -0.035000 0.015000
1870 -0.030000 0.015000
1871 -0.040000 0.020000
1872 -0.055000 0.020000
1873 -0.015000 0.015000
1874 -0.020000 0.015000
1875 -0.020000 0.015000
1876 -0.015000 0.015000
1877 -0.020000 0.015000
1878 -0.015000 0.015000
1879 -0.085000 0.025000
1880 -0.095000 0.025000
1881 -0.090000 0.025000
1882 -0.100000 0.025000
1883 -0.105000 0.025000
1884 -0.100000 0.025000
1885 -0.075000 0.020000
1886 -0.065000 0.020000
1887 -0.095000 0.020000
1888 -0.075000 0.020000
1889 -0.105000 0.025000
1890 -0.105000 0.025000
1891 -0.010000 0.020000
1892 -0.010000 0.015000
1893 -0.010000 0.015000
1894 -0.010000 0.015000
1895 -0.010000 0.015000
1896 -0.010000 0.015000
1897 -0.010000 0.015000
1898 -0.010000 0.015000
1899 -0.010000 0.015000
1900 -0.010000 0.015000
1901 -0.010000 0.015000
1902 -0.010000 0.015000
1903 -0.010000 0.015000
1904 -0.010000 0.015000
1905 -0.010000 0.015000
1906 -0.010000 0.015000
1907 -0.015000 0.015000
1908 -0.015000 0.015000
1909 -0.010000 0.015000
1910 -0.010000 0.015000
1911 -0.015000 0.025000
1912 -0.010000 0.025000
1913 -0.015000 0.025000
1914 -0.015000 0.025000
1915 -0.010000 0.020000
1916 -0.015000 0.025000
1917 -0.010000 0.020000
1918 -0.010000 0.020000
1919 -0.015000 0.020000
1920 -0.010000 0.015000
1921 -0.010000 0.020000
1922 -0.010000 0.020000
1923 -0.010000 0.015000
1924 -0.010000 0.020000
1925 -0.010000 0.015000
1926 -0.020000 0.020000
1927 -0.020000 0.025000
1928 -0.025000 0.030000
1929 -0.020000 0.020000
1930 -0.020000 0.030000
1931 -0.025000 0.030000
1932 -0.040000 0.030000
1933 -0.035000 0.030000
1934 -0.025000 0.025000
1935 -0.020000 0.030000
1936 -0.020000 0.025000
1937 -0.015000 0.015000
1938 -0.025000 0.030000
1939 -0.020000 0.030000
1940 -0.030000 0.035000
1941 -0.045000 0.030000
1942 -0.010000 0.015000
1943 -0.010000 0.015000
1944 -0.010000 0.015000
1945 -0.010000 0.015000
1946 -0.015000 0.015000
1947 -0.010000 0.015000
1948 -0.015000 0.015000
1949 -0.015000 0.015000
1950 -0.020000 0.020000
1951 -0.020000 0.020000
1952 -0.010000 0.010000
1953 -0.015000 0.010000
1954 -0.010000 0.015000
1955 -0.010000 0.015000
1956 -0.015000 0.015000
1957 -0.015000 0.015000
1958 -0.010000 0.015000
1959 -0.015000 0.015000
1960 -0.015000 0.015000
1961 -0.015000 0.015000
1962 -0.010000 0.015000
1963 -0.010000 0.015000
1964 -0.010000 0.015000
1965 -0.010000 0.015000
1966 -0.015000 0.015000
1967 -0.015000 0.015000
1968 -0.015000 0.015000
1969 -0.015000 0.015000
1970 -0.010000 0.015000
1971 -0.010000 0.015000
1972 -0.010000 0.015000
1973 -0.010000 0.015000
1974 -0.010000 0.015000
1975 -0.010000 0.015000
1976 -0.010000 0.015000
1977 -0.010000 0.015000
1978 -0.010000 0.015000
1979 -0.010000 0.015000
1980 -0.010000 0.015000
1981 -0.010000 0.015000
1982 -0.010000 0.015000
1983 -0.010000 0.015000
1984 -0.010000 0.015000
1985 -0.010000 0.015000
1986 -0.010000 0.015000
1987 -0.010000 0.015000
1988 -0.010000 0.015000
1989 -0.010000 0.015000
1990 -0.010000 0.015000
1991 -0.010000 0.015000
1992 -0.010000 0.015000
1993 -0.010000 0.015000
1994 -0.015000 0.015000
1995 -0.015000 0.015000
1996 -0.010000 0.015000
1997 -0.015000 0.015000
1998 -0.010000 0.015000
1999 -0.010000 0.015000
2000 -0.010000 0.015000
2001 -0.010000 0.015000
2002 -0.015000 0.015000
2003 -0.120000 0.060000
2004 -0.120000 0.060000
2005 -0.120000 0.070000
2006 -0.120000 0.065000
2007 -0.120000 0.060000
2008 -0.120000 0.075000
2009 -0.120000 0.080000
2010 -0.120000 0.075000
2011 -0.120000 0.070000
2012 -0.120000 0.045000
2013 -0.120000 0.045000
2014 -0.120000 0.045000
2015 -0.120000 0.045000
2016 -0.120000 0.045000
2017 -0.120000 0.045000
2018 -0.120000 0.060000
2019 -0.120000 0.060000
2020 -0.120000 0.045000
2021 -0.120000 0.045000
2022 -0.120000 0.045000
2023 -0.120000 0.045000
2024 -0.120000 0.075000
2025 -0.120000 0.085000
2026 -0.120000 0.075000
2027 -0.120000 0.080000
2028 -0.120000 0.035000
2029 -0.120000 0.040000
2030 -0.115000 0.035000
2031 -0.115000 0.030000
2032 -0.120000 0.050000
2033 -0.120000 0.045000
2034 -0.120000 0.035000
2035 -0.115000 0.030000
2036 -0.115000 0.025000
2037 -0.120000 0.055000
2038 -0.120000 0.045000
2039 -0.120000 0.040000
2040 -0.120000 0.065000
2041 -0.120000 0.060000
2042 -0.120000 0.065000
2043 -0.120000 0.070000
2044 -0.120000 0.055000
2045 -0.120000 0.050000
2046 -0.120000 0.060000
2047 -0.120000 0.055000
2048 -0.120000 0.050000
2049 -0.120000 0.045000
2050 -0.115000 0.040000
2051 -0.120000 0.045000
2052 -0.115000 0.035000
2053 -0.110000 0.035000
2054 -0.105000 0.030000
2055 -0.110000 0.040000
2056 -0.115000 0.045000
2057 -0.120000 0.035000
2058 -0.120000 0.045000
2059 -0.120000 0.050000
2060 -0.105000 0.025000
2061 -0.110000 0.030000
2062 -0.115000 0.025000
2063 -0.110000 0.025000
2064 -0.100000 0.025000
2065 -0.095000 0.025000
2066 -0.100000 0.020000
2067 -0.085000 0.020000
2068 -0.120000 0.050000
2069 -0.120000 0.045000
2070 -0.120000 0.050000
2071 -0.120000 0.045000
2072 -0.120000 0.035000
2073 -0.120000 0.045000
2074 -0.120000 0.050000
2075 -0.120000 0.050000
2076 -0.115000 0.040000
2077 -0.120000 0.045000
2078 -0.120000 0.050000
2079 -0.115000 0.045000
2080 -0.120000 0.040000
2081 -0.120000 0.035000
2082 -0.115000 0.035000
2083 -0.120000 0.065000
2084 -0.120000 0.065000
2085 -0.120000 0.050000
2086 -0.120000 0.060000
2087 -0.115000 0.055000
2088 -0.115000 0.040000
2089 -0.105000 0.030000
2090 -0.115000 0.030000
2091 -0.120000 0.045000
2092 -0.120000 0.070000
2093 -0.120000 0.065000
2094 -0.120000 0.070000
2095 -0.120000 0.070000
2096 -0.120000 0.070000
2097 -0.120000 0.070000
2098 -0.110000 0.035000
2099 -0.110000 0.050000
2100 -0.110000 0.055000
2101 -0.100000 0.030000
2102 -0.095000 0.025000
2103 -0.120000 0.070000
2104 -0.120000 0.070000
2105 -0.120000 0.070000
2106 -0.120000 0.070000
2107 -0.120000 0.070000
2108 -0.120000 0.070000
2109 -0.120000 0.070000
2110 -0.120000 0.070000
2111 -0.120000 0.070000
2112 -0.120000 0.055000
2113 -0.120000 0.065000
2114 -0.120000 0.065000
2115 -0.120000 0.050000
2116 -0.120000 0.065000
2117 -0.120000 0.055000
2118 -0.120000 0.085000
2119 -0.120000 0.080000
2120 -0.120000 0.075000
2121 -0.120000 0.080000
2122 -0.120000 0.080000
2123 -0.120000 0.085000
2124 -0.120000 0.080000
2125 -0.120000 0.070000
2126 -0.120000 0.075000
2127 -0.120000 0.075000
2128 -0.120000 0.075000
2129 -0.120000 0.080000
2130 -0.120000 0.085000
2131 -0.120000 0.075000
2132 -0.120000 0.090000
2133 -0.120000 0.085000
2134 -0.120000 0.070000
2135 -0.110000 0.060000
2136 -0.115000 0.070000
2137 -0.100000 0.060000
2138 -0.120000 0.080000
2139 -0.120000 0.075000
2140 -0.095000 0.075000
2141 -0.110000 0.070000
2142 -0.120000 0.075000
2143 -0.110000 0.080000
2144 -0.090000 0.055000
2145 -0.080000 0.060000
2146 -0.105000 0.025000
2147 -0.100000 0.025000
2148 -0.110000 0.025000
2149 -0.110000 0.025000
2150 -0.095000 0.020000
2151 -0.100000 0.020000
2152 -0.080000 0.020000
2153 -0.085000 0.020000
2154 -0.090000 0.025000
2155 -0.090000 0.020000
2156 -0.100000 0.025000
2157 -0.095000 0.025000
2158 -0.075000 0.020000
2159 -0.080000 0.015000
2160 -0.075000 0.015000
2161 -0.075000 0.020000
2162 -0.070000 0.020000
2163 -0.065000 0.020000
2164 -0.090000 0.015000
2165 -0.080000 0.020000
2166 -0.105000 0.025000
2167 -0.115000 0.025000
2168 -0.120000 0.030000
2169 -0.115000 0.025000
2170 -0.115000 0.025000
2171 -0.120000 0.040000
2172 -0.110000 0.025000
2173 -0.105000 0.025000
2174 -0.095000 0.025000
2175 -0.120000 0.030000
2176 -0.115000 0.025000
2177 -0.120000 0.045000
2178 -0.085000 0.015000
2179 -0.090000 0.015000
2180 -0.085000 0.015000
2181 -0.075000 0.015000
2182 -0.095000 0.020000
2183 -0.090000 0.020000
2184 -0.095000 0.020000
2185 -0.095000 0.020000
2186 -0.090000 0.020000
2187 -0.095000 0.025000
2188 -0.110000 0.025000
2189 -0.095000 0.020000
2190 -0.070000 0.020000
2191 -0.065000 0.020000
2192 -0.060000 0.015000
2193 -0.055000 0.020000
2194 -0.050000 0.020000
2195 -0.060000 0.015000
2196 -0.075000 0.015000
2197 -0.080000 0.015000
2198 -0.045000 0.015000
2199 -0.060000 0.015000
2200 -0.040000 0.020000
2201 -0.030000 0.025000
2202 -0.025000 0.015000
2203 -0.020000 0.015000
2204 -0.025000 0.015000
2205 -0.025000 0.015000
2206 -0.015000 0.015000
2207 -0.020000 0.015000
2208 -0.020000 0.010000
2209 -0.025000 0.015000
2210 -0.030000 0.015000
2211 -0.015000 0.015000
2212 -0.015000 0.015000
2213 -0.020000 0.015000
2214 -0.015000 0.015000
2215 -0.020000 0.015000
2216 -0.020000 0.015000
2217 -0.015000 0.010000
2218 -0.015000 0.015000
2219 -0.015000 0.015000
2220 -0.015000 0.015000
2221 -0.015000 0.015000
2222 -0.015000 0.010000
2223 -0.015000 0.015000
2224 -0.015000 0.010000
2225 -0.015000 0.010000
2226 -0.015000 0.010000
2227 -0.025000 0.020000
2228 -0.030000 0.020000
2229 -0.030000 0.020000
2230 -0.030000 0.020000
2231 -0.030000 0.020000
2232 -0.035000 0.020000
2233 -0.035000 0.020000
2234 -0.030000 0.020000
2235 -0.030000 0.020000
2236 -0.030000 0.020000
2237 -0.025000 0.020000
2238 -0.025000 0.020000
2239 -0.035000 0.015000
2240 -0.035000 0.020000
2241 -0.030000 0.015000
2242 -0.030000 0.015000
2243 -0.035000 0.020000
2244 -0.035000 0.020000
2245 -0.035000 0.020000
2246 -0.035000 0.020000
2247 -0.015000 0.020000
2248 -0.015000 0.025000
2249 -0.020000 0.025000
2250 -0.015000 0.025000
2251 -0.020000 0.025000
2252 -0.020000 0.030000
2253 -0.020000 0.025000
2254 -0.020000 0.025000
2255 -0.020000 0.025000
2256 -0.020000 0.020000
2257 -0.020000 0.020000
2258 -0.015000 0.015000
2259 -0.020000 0.025000
2260 -0.020000 0.025000
2261 -0.025000 0.025000
2262 -0.025000 0.025000
2263 -0.020000 0.025000
2264 -0.020000 0.025000
2265 -0.020000 0.025000
2266 -0.020000 0.020000
2267 -0.015000 0.015000
2268 -0.015000 0.015000
2269 -0.015000 0.020000
2270 -0.020000 0.020000
2271 -0.020000 0.015000
2272 -0.020000 0.015000
2273 -0.015000 0.020000
2274 -0.015000 0.015000
2275 -0.020000 0.025000
2276 -0.015000 0.025000
2277 -0.015000 0.025000
2278 -0.020000 0.025000
2279 -0.020000 0.025000
2280 -0.020000 0.020000
2281 -0.015000 0.025000
2282 -0.030000 0.015000
2283 -0.025000 0.015000
2284 -0.025000 0.015000
2285 -0.030000 0.015000
2286 -0.020000 0.015000
2287 -0.020000 0.015000
2288 -0.025000 0.015000
2289 -0.025000 0.015000
2290 -0.030000 0.015000
2291 -0.015000 0.010000
2292 -0.020000 0.010000
2293 -0.020000 0.010000
2294 -0.020000 0.010000
2295 -0.025000 0.010000
2296 -0.020000 0.010000
2297 -0.020000 0.015000
2298 -0.020000 0.010000
2299 -0.020000 0.010000
2300 -0.015000 0.015000
2301 -0.020000 0.015000
2302 -0.025000 0.010000
2303 -0.030000 0.015000
2304 -0.030000 0.015000
2305 -0.030000 0.015000
2306 -0.035000 0.015000
2307 -0.035000 0.015000
2308 -0.030000 0.015000
2309 -0.030000 0.010000
2310 -0.025000 0.010000
2311 -0.035000 0.015000
2312 -0.035000 0.015000
2313 -0.035000 0.015000
2314 -0.035000 0.015000
2315 -0.035000 0.015000
2316 -0.035000 0.020000
2317 -0.015000 0.010000
2318 -0.015000 0.010000
2319 -0.010000 0.010000
2320 -0.010000 0.010000
2321 -0.020000 0.010000
2322 -0.015000 0.010000
2323 -0.015000 0.010000
2324 -0.010000 0.010000
2325 -0.010000 0.005000
2326 -0.025000 0.010000
2327 -0.020000 0.010000
2328 -0.020000 0.010000
2329 -0.020000 0.010000
2330 -0.025000 0.010000
2331 -0.015000 0.010000
2332 -0.015000 0.010000
2333 -0.015000 0.010000
2334 -0.015000 0.010000
2335 -0.015000 0.010000
2336 -0.015000 0.010000
2337 -0.015000 0.010000
2338 -0.015000 0.010000
2339 -0.015000 0.010000
2340 -0.015000 0.010000
2341 -0.015000 0.010000
2342 -0.010000 0.010000
2343 -0.015000 0.010000
2344 -0.015000 0.010000
2345 -0.030000 0.020000
2346 -0.025000 0.025000
2347 -0.025000 0.020000
2348 -0.030000 0.020000
2349 -0.020000 0.025000
2350 -0.020000 0.025000
2351 -0.020000 0.025000
2352 -0.020000 0.025000
2353 -0.025000 0.025000
2354 -0.025000 0.025000
2355 -0.025000 0.025000
2356 -0.025000 0.025000
2357 -0.020000 0.025000
2358 -0.020000 0.025000
2359 -0.020000 0.025000
2360 -0.020000 0.035000
2361 -0.020000 0.030000
2362 -0.020000 0.040000
2363 -0.020000 0.025000
2364 -0.020000 0.020000
2365 -0.030000 0.020000
2366 -0.035000 0.020000
2367 -0.035000 0.015000
2368 -0.030000 0.015000
2369 -0.035000 0.020000
2370 -0.035000 0.020000
2371 -0.030000 0.020000
2372 -0.030000 0.020000
2373 -0.030000 0.020000
2374 -0.035000 0.020000
2375 -0.030000 0.020000
2376 -0.035000 0.020000
2377 -0.020000 0.025000
2378 -0.020000 0.025000
2379 -0.020000 0.025000
2380 -0.025000 0.030000
2381 -0.020000 0.025000
2382 -0.020000 0.025000
2383 -0.025000 0.020000
2384 -0.025000 0.025000
2385 -0.020000 0.025000
2386 -0.025000 0.020000
2387 -0.025000 0.015000
2388 -0.020000 0.020000
2389 -0.020000 0.025000
2390 -0.020000 0.030000
2391 -0.025000 0.030000
2392 -0.025000 0.025000
2393 -0.030000 0.035000
2394 -0.025000 0.040000
2395 -0.020000 0.030000
2396 -0.020000 0.025000
2397 -0.030000 0.030000
2398 -0.030000 0.030000
2399 -0.030000 0.025000
2400 -0.040000 0.035000
2401 -0.080000 0.020000
2402 -0.090000 0.020000
2403 -0.095000 0.020000
2404 -0.090000 0.020000
2405 -0.095000 0.025000
2406 -0.100000 0.025000
2407 -0.110000 0.025000
2408 -0.105000 0.020000
2409 -0.100000 0.020000
2410 -0.090000 0.020000
2411 -0.095000 0.020000
2412 -0.085000 0.020000
2413 -0.080000 0.020000
2414 -0.070000 0.020000
2415 -0.070000 0.020000
2416 -0.100000 0.025000
2417 -0.100000 0.025000
2418 -0.100000 0.025000
2419 -0.100000 0.025000
2420 -0.095000 0.020000
2421 -0.100000 0.025000
2422 -0.105000 0.025000
2423 -0.115000 0.025000
2424 -0.115000 0.025000
2425 -0.120000 0.025000
2426 -0.055000 0.020000
2427 -0.065000 0.020000
2428 -0.060000 0.020000
2429 -0.045000 0.020000
2430 -0.075000 0.020000
2431 -0.070000 0.020000
2432 -0.070000 0.020000
2433 -0.055000 0.020000
2434 -0.035000 0.020000
2435 -0.080000 0.020000
2436 -0.070000 0.020000
2437 -0.065000 0.020000
2438 -0.085000 0.020000
2439 -0.080000 0.020000
2440 -0.085000 0.020000
2441 -0.085000 0.020000
2442 -0.080000 0.020000
2443 -0.075000 0.020000
2444 -0.080000 0.020000
2445 -0.080000 0.020000
2446 -0.050000 0.015000
2447 -0.045000 0.020000
2448 -0.035000 0.020000
2449 -0.035000 0.015000
2450 -0.035000 0.020000
2451 -0.035000 0.020000
2452 -0.035000 0.015000
2453 -0.035000 0.015000
2454 -0.035000 0.015000
2455 -0.050000 0.020000
2456 -0.055000 0.020000
2457 -0.060000 0.020000
2458 -0.035000 0.020000
2459 -0.035000 0.020000
2460 -0.035000 0.020000
2461 -0.035000 0.020000
2462 -0.035000 0.020000
2463 -0.035000 0.015000
2464 -0.035000 0.015000
2465 -0.030000 0.015000
2466 -0.080000 0.020000
2467 -0.090000 0.020000
2468 -0.065000 0.020000
2469 -0.075000 0.020000
2470 -0.085000 0.020000
2471 -0.095000 0.020000
2472 -0.055000 0.015000
2473 -0.065000 0.020000
2474 -0.030000 0.015000
2475 -0.040000 0.015000
2476 -0.040000 0.015000
2477 -0.030000 0.015000
2478 -0.050000 0.020000
2479 -0.060000 0.020000
2480 -0.020000 0.015000
2481 -0.085000 0.020000
2482 -0.085000 0.020000
2483 -0.080000 0.020000
2484 -0.080000 0.020000
2485 -0.080000 0.020000
2486 -0.070000 0.020000
2487 -0.055000 0.020000
2488 -0.065000 0.020000
2489 -0.075000 0.020000
2490 -0.090000 0.025000
2491 -0.085000 0.020000
2492 -0.090000 0.025000
2493 -0.095000 0.025000
2494 -0.090000 0.025000
2495 -0.105000 0.025000
2496 -0.070000 0.020000
2497 -0.080000 0.020000
2498 -0.085000 0.025000
2499 -0.060000 0.015000
2500 -0.040000 0.020000
2501 -0.105000 0.025000
2502 -0.095000 0.025000
2503 -0.095000 0.020000
2504 -0.105000 0.025000
2505 -0.085000 0.020000
2506 -0.085000 0.020000
2507 -0.085000 0.020000
2508 -0.095000 0.025000
2509 -0.105000 0.025000
2510 -0.080000 0.020000
2511 -0.085000 0.020000
2512 -0.085000 0.020000
2513 -0.075000 0.020000
2514 -0.085000 0.020000
2515 -0.080000 0.020000
2516 -0.120000 0.030000
2517 -0.120000 0.025000
2518 -0.125000 0.025000
2519 -0.125000 0.025000
2520 -0.120000 0.025000
2521 -0.125000 0.025000
2522 -0.125000 0.025000
2523 -0.125000 0.025000
2524 -0.125000 0.025000
2525 -0.110000 0.025000
2526 -0.115000 0.025000
2527 -0.115000 0.025000
2528 -0.115000 0.025000
2529 -0.110000 0.025000
2530 -0.120000 0.025000
2531 -0.125000 0.025000
2532 -0.100000 0.025000
2533 -0.085000 0.025000
2534 -0.115000 0.025000
2535 -0.105000 0.025000
2536 -0.120000 0.030000
2537 -0.110000 0.030000
2538 -0.125000 0.035000
2539 -0.125000 0.025000
2540 -0.125000 0.025000
2541 -0.125000 0.030000
2542 -0.120000 0.030000
2543 -0.125000 0.040000
2544 -0.035000 0.025000
2545 -0.035000 0.025000
2546 -0.035000 0.020000
2547 -0.035000 0.020000
2548 -0.030000 0.025000
2549 -0.035000 0.020000
2550 -0.015000 0.025000
2551 -0.025000 0.025000
2552 -0.030000 0.025000
2553 -0.020000 0.025000
2554 -0.030000 0.025000
2555 -0.020000 0.025000
2556 -0.020000 0.015000
2557 -0.025000 0.020000
2558 -0.015000 0.025000
2559 -0.010000 0.020000
2560 -0.015000 0.025000
2561 -0.010000 0.025000
2562 -0.030000 0.015000
2563 -0.030000 0.015000
2564 -0.040000 0.025000
2565 -0.050000 0.025000
2566 -0.065000 0.020000
2567 -0.060000 0.020000
2568 -0.055000 0.020000
2569 -0.070000 0.020000
2570 -0.040000 0.025000
2571 -0.030000 0.025000
2572 -0.025000 0.025000
2573 -0.065000 0.020000
2574 -0.045000 0.020000
2575 -0.075000 0.020000
2576 -0.020000 0.025000
2577 -0.020000 0.025000
2578 -0.020000 0.025000
2579 -0.020000 0.025000
2580 -0.025000 0.025000
2581 -0.020000 0.025000
2582 -0.030000 0.025000
2583 -0.025000 0.025000
2584 -0.020000 0.025000
2585 -0.035000 0.020000
2586 -0.050000 0.020000
2587 -0.020000 0.020000
2588 -0.015000 0.025000
2589 -0.010000 0.025000
2590 -0.015000 0.025000
2591 -0.010000 0.025000
2592 -0.010000 0.020000
2593 -0.010000 0.025000
2594 -0.015000 0.025000
2595 -0.020000 0.025000
2596 -0.010000 0.025000
2597 -0.015000 0.025000
2598 -0.010000 0.020000
2599 -0.015000 0.015000
2600 -0.025000 0.030000
2601 -0.025000 0.030000
2602 -0.025000 0.035000
2603 -0.025000 0.035000
2604 -0.025000 0.030000
2605 -0.025000 0.035000
2606 -0.025000 0.035000
2607 -0.025000 0.035000
2608 -0.025000 0.035000
2609 -0.040000 0.030000
2610 -0.030000 0.030000
2611 -0.035000 0.030000
2612 -0.040000 0.030000
2613 -0.030000 0.030000
2614 -0.040000 0.030000
2615 -0.025000 0.040000
2616 -0.025000 0.035000
2617 -0.025000 0.035000
2618 -0.025000 0.040000
2619 -0.030000 0.035000
2620 -0.030000 0.040000
2621 -0.020000 0.040000
2622 -0.020000 0.040000
2623 -0.025000 0.045000
2624 -0.020000 0.045000
2625 -0.030000 0.050000
2626 -0.025000 0.050000
2627 -0.025000 0.055000
2628 -0.025000 0.055000
2629 -0.025000 0.045000
2630 -0.025000 0.050000
2631 -0.025000 0.055000
2632 -0.025000 0.060000
2633 -0.025000 0.060000
2634 -0.025000 0.040000
2635 -0.030000 0.040000
2636 -0.035000 0.040000
2637 -0.025000 0.040000
2638 -0.025000 0.040000
2639 -0.025000 0.035000
2640 -0.025000 0.035000
2641 -0.025000 0.045000
2642 -0.025000 0.050000
2643 -0.025000 0.045000
2644 -0.025000 0.045000
2645 -0.035000 0.030000
2646 -0.030000 0.035000
2647 -0.025000 0.030000
2648 -0.030000 0.030000
2649 -0.025000 0.040000
2650 -0.025000 0.035000
2651 -0.035000 0.040000
2652 -0.020000 0.030000
2653 -0.025000 0.030000
2654 -0.025000 0.045000
2655 -0.035000 0.040000
2656 -0.040000 0.030000
2657 -0.040000 0.055000
2658 -0.025000 0.050000
2659 -0.025000 0.055000
2660 -0.030000 0.055000
2661 -0.040000 0.045000
2662 -0.055000 0.040000
2663 -0.060000 0.055000
2664 -0.080000 0.050000
2665 -0.045000 0.030000
2666 -0.040000 0.030000
2667 -0.040000 0.030000
2668 -0.035000 0.030000
2669 -0.030000 0.030000
2670 -0.030000 0.035000
2671 -0.040000 0.030000
2672 -0.045000 0.030000
2673 -0.030000 0.030000
2674 -0.040000 0.030000
2675 -0.035000 0.030000
2676 -0.025000 0.030000
2677 -0.040000 0.030000
2678 -0.035000 0.030000
2679 -0.040000 0.030000
2680 -0.020000 0.035000
2681 -0.020000 0.035000
2682 -0.020000 0.035000
2683 -0.020000 0.035000
2684 -0.020000 0.030000
2685 -0.020000 0.030000
2686 -0.020000 0.030000
2687 -0.020000 0.030000
2688 -0.020000 0.035000
2689 -0.020000 0.030000
2690 -0.020000 0.030000
2691 -0.020000 0.035000
2692 -0.020000 0.035000
2693 -0.020000 0.035000
2694 -0.020000 0.035000
2695 -0.020000 0.025000
2696 -0.020000 0.025000
2697 -0.020000 0.025000
2698 -0.020000 0.025000
2699 -0.020000 0.025000
2700 -0.020000 0.035000
2701 -0.020000 0.035000
2702 -0.025000 0.035000
2703 -0.020000 0.035000
2704 -0.020000 0.035000
2705 -0.020000 0.035000
2706 -0.020000 0.035000
2707 -0.020000 0.035000
2708 -0.020000 0.035000
2709 -0.020000 0.045000
2710 -0.020000 0.035000
2711 -0.020000 0.035000
2712 -0.020000 0.040000
2713 -0.020000 0.040000
2714 -0.020000 0.045000
2715 -0.015000 0.035000
2716 -0.020000 0.035000
2717 -0.020000 0.040000
2718 -0.015000 0.035000
2719 -0.020000 0.035000
2720 -0.020000 0.040000
2721 -0.020000 0.045000
2722 -0.020000 0.045000
2723 -0.015000 0.040000
2724 -0.020000 0.035000
2725 -0.020000 0.035000
2726 -0.015000 0.035000
2727 -0.020000 0.035000
2728 -0.020000 0.035000
2729 -0.020000 0.045000
2730 -0.020000 0.045000
2731 -0.020000 0.030000
2732 -0.020000 0.025000
2733 -0.020000 0.025000
2734 -0.020000 0.025000
2735 -0.015000 0.030000
2736 -0.015000 0.030000
2737 -0.015000 0.020000
2738 -0.015000 0.020000
2739 -0.015000 0.025000
2740 -0.015000 0.030000
2741 -0.020000 0.020000
2742 -0.015000 0.020000
2743 -0.035000 0.060000
2744 -0.045000 0.060000
2745 -0.035000 0.060000
2746 -0.030000 0.060000
2747 -0.070000 0.065000
2748 -0.055000 0.060000
2749 -0.090000 0.065000
2750 -0.085000 0.070000
2751 -0.055000 0.060000
2752 -0.060000 0.060000
2753 -0.040000 0.055000
2754 -0.045000 0.050000
2755 -0.110000 0.065000
2756 -0.095000 0.070000
2757 -0.105000 0.070000
2758 -0.120000 0.070000
2759 -0.110000 0.070000
2760 -0.120000 0.065000
2761 -0.080000 0.060000
2762 -0.100000 0.060000
2763 -0.030000 0.045000
2764 -0.030000 0.050000
2765 -0.025000 0.045000
2766 -0.025000 0.040000
2767 -0.025000 0.055000
2768 -0.020000 0.050000
2769 -0.030000 0.055000
2770 -0.035000 0.055000
2771 -0.040000 0.045000
2772 -0.025000 0.055000
2773 -0.030000 0.060000
2774 -0.020000 0.050000
2775 -0.050000 0.045000
2776 -0.040000 0.040000
2777 -0.040000 0.035000
2778 -0.050000 0.045000
2779 -0.030000 0.035000
2780 -0.030000 0.030000
2781 -0.030000 0.035000
2782 -0.040000 0.040000
2783 -0.050000 0.045000
2784 -0.025000 0.030000
2785 -0.025000 0.035000
2786 -0.025000 0.025000
2787 -0.090000 0.060000
2788 -0.115000 0.060000
2789 -0.090000 0.060000
2790 -0.110000 0.060000
2791 -0.125000 0.060000
2792 -0.125000 0.060000
2793 -0.060000 0.055000
2794 -0.060000 0.055000
2795 -0.075000 0.055000
2796 -0.060000 0.050000
2797 -0.105000 0.060000
2798 -0.120000 0.055000
2799 -0.025000 0.010000
2800 -0.025000 0.010000
2801 -0.030000 0.010000
2802 -0.030000 0.010000
2803 -0.030000 0.010000
2804 -0.035000 0.015000
2805 -0.035000 0.015000
2806 -0.035000 0.015000
2807 -0.030000 0.010000
2808 -0.020000 0.010000
2809 -0.025000 0.010000
2810 -0.020000 0.010000
2811 -0.020000 0.010000
2812 -0.020000 0.010000
2813 -0.020000 0.010000
2814 -0.055000 0.015000
2815 -0.040000 0.015000
2816 -0.030000 0.010000
2817 -0.045000 0.015000
2818 -0.020000 0.010000
2819 -0.035000 0.010000
2820 -0.045000 0.015000
2821 -0.050000 0.020000
2822 -0.060000 0.015000
2823 -0.065000 0.020000
2824 -0.015000 0.010000
2825 -0.015000 0.010000
2826 -0.015000 0.010000
2827 -0.015000 0.010000
2828 -0.020000 0.010000
2829 -0.015000 0.010000
2830 -0.015000 0.010000
2831 -0.015000 0.010000
2832 -0.015000 0.010000
2833 -0.020000 0.010000
2834 -0.020000 0.010000
2835 -0.015000 0.010000
2836 -0.025000 0.010000
2837 -0.020000 0.010000
2838 -0.025000 0.010000
2839 -0.025000 0.010000
2840 -0.020000 0.010000
2841 -0.015000 0.010000
2842 -0.020000 0.010000
2843 -0.020000 0.010000
2844 -0.020000 0.010000
2845 -0.020000 0.010000
2846 -0.025000 0.010000
2847 -0.020000 0.010000
2848 -0.020000 0.010000
2849 -0.020000 0.010000
2850 -0.020000 0.010000
2851 -0.025000 0.010000
2852 -0.030000 0.010000
2853 -0.020000 0.010000
2854 -0.015000 0.010000
2855 -0.015000 0.010000
2856 -0.015000 0.010000
2857 -0.015000 0.010000
2858 -0.015000 0.010000
2859 -0.015000 0.010000
2860 -0.015000 0.010000
2861 -0.015000 0.010000
2862 -0.015000 0.010000
2863 -0.015000 0.010000
2864 -0.020000 0.010000
2865 -0.020000 0.010000
2866 -0.015000 0.010000
2867 -0.015000 0.010000
2868 -0.015000 0.010000
2869 -0.020000 0.010000
2870 -0.020000 0.010000
2871 -0.020000 0.010000
2872 -0.020000 0.010000
2873 -0.015000 0.010000
2874 -0.020000 0.010000
2875 -0.020000 0.010000
2876 -0.015000 0.010000
2877 -0.015000 0.010000
2878 -0.015000 0.010000
2879 -0.020000 0.015000
2880 -0.015000 0.015000
2881 -0.015000 0.015000
2882 -0.015000 0.015000
2883 -0.015000 0.015000
2884 -0.015000 0.015000
2885 -0.015000 0.015000
2886 -0.015000 0.015000
2887 -0.015000 0.015000
2888 -0.020000 0.015000
2889 -0.020000 0.015000
2890 -0.020000 0.010000
2891 -0.025000 0.015000
2892 -0.025000 0.010000
2893 -0.025000 0.015000
2894 -0.015000 0.015000
2895 -0.015000 0.015000
2896 -0.020000 0.015000
2897 -0.015000 0.015000
2898 -0.015000 0.015000
2899 -0.030000 0.015000
2900 -0.025000 0.010000
2901 -0.025000 0.010000
2902 -0.030000 0.015000
2903 -0.020000 0.010000
2904 -0.025000 0.010000
2905 -0.020000 0.010000
2906 -0.025000 0.015000
2907 -0.025000 0.015000
2908 -0.015000 0.010000
2909 -0.020000 0.010000
2910 -0.015000 0.015000
2911 -0.015000 0.015000
2912 -0.020000 0.010000
2913 -0.015000 0.010000
2914 -0.030000 0.020000
2915 -0.035000 0.020000
2916 -0.045000 0.020000
2917 -0.035000 0.020000
2918 -0.035000 0.020000
2919 -0.050000 0.020000
2920 -0.065000 0.020000
2921 -0.060000 0.020000
2922 -0.055000 0.020000
2923 -0.035000 0.020000
2924 -0.030000 0.020000
2925 -0.025000 0.020000
2926 -0.035000 0.020000
2927 -0.035000 0.015000
2928 -0.050000 0.020000
2929 -0.065000 0.020000
2930 -0.025000 0.015000
2931 -0.020000 0.015000
2932 -0.025000 0.020000
2933 -0.025000 0.015000
2934 -0.025000 0.020000
2935 -0.025000 0.020000
2936 -0.025000 0.020000
2937 -0.025000 0.020000
2938 -0.025000 0.020000
2939 -0.040000 0.020000
2940 -0.025000 0.015000
2941 -0.025000 0.020000
2942 -0.015000 0.010000
2943 -0.015000 0.010000
2944 -0.015000 0.010000
2945 -0.015000 0.010000
2946 -0.015000 0.010000
2947 -0.015000 0.010000
2948 -0.010000 0.015000
2949 -0.010000 0.010000
2950 -0.010000 0.010000
2951 -0.010000 0.010000
2952 -0.015000 0.010000
2953 -0.010000 0.010000
2954 -0.010000 0.015000
2955 -0.015000 0.010000
2956 -0.010000 0.010000
2957 -0.010000 0.015000
2958 -0.010000 0.010000
2959 -0.010000 0.015000
2960 -0.015000 0.010000
2961 -0.015000 0.015000
2962 -0.015000 0.015000
2963 -0.015000 0.010000
2964 -0.015000 0.010000
2965 -0.015000 0.015000
2966 -0.015000 0.010000
2967 -0.015000 0.010000
2968 -0.015000 0.010000
2969 -0.015000 0.010000
2970 -0.015000 0.010000
2971 -0.015000 0.010000
2972 -0.015000 0.010000
2973 -0.015000 0.010000
2974 -0.010000 0.010000
2975 -0.010000 0.010000
2976 -0.010000 0.010000
2977 -0.010000 0.010000
2978 -0.010000 0.015000
2979 -0.010000 0.015000
2980 -0.015000 0.015000
2981 -0.010000 0.010000
2982 -0.010000 0.010000
2983 -0.015000 0.015000
2984 -0.015000 0.015000
2985 -0.010000 0.015000
2986 -0.010000 0.015000
2987 -0.010000 0.010000
2988 -0.010000 0.015000
2989 -0.010000 0.015000
2990 -0.010000 0.015000
2991 -0.010000 0.015000
2992 -0.010000 0.015000
2993 -0.010000 0.015000
2994 -0.010000 0.015000
2995 -0.010000 0.015000
2996 -0.015000 0.015000
2997 -0.015000 0.015000
2998 -0.105000 0.040000
2999 -0.110000 0.060000
3000 -0.115000 0.055000
3001 -0.110000 0.040000
3002 -0.115000 0.065000
3003 -0.120000 0.065000
3004 -0.120000 0.060000
3005 -0.120000 0.050000
3006 -0.115000 0.040000
3007 -0.090000 0.065000
3008 -0.105000 0.070000
3009 -0.100000 0.060000
3010 -0.085000 0.055000
3011 -0.090000 0.040000
3012 -0.080000 0.040000
3013 -0.120000 0.070000
3014 -0.115000 0.070000
3015 -0.110000 0.075000
3016 -0.120000 0.075000
3017 -0.120000 0.075000
3018 -0.065000 0.030000
3019 -0.075000 0.030000
3020 -0.060000 0.025000
3021 -0.050000 0.025000
3022 -0.085000 0.025000
3023 -0.070000 0.025000
3024 -0.055000 0.025000
3025 -0.045000 0.025000
3026 -0.030000 0.025000
3027 -0.095000 0.030000
3028 -0.080000 0.030000
3029 -0.075000 0.035000
3030 -0.105000 0.030000
3031 -0.095000 0.025000
3032 -0.105000 0.030000
3033 -0.110000 0.035000
3034 -0.085000 0.025000
3035 -0.075000 0.025000
3036 -0.095000 0.025000
3037 -0.085000 0.025000
3038 -0.055000 0.050000
3039 -0.045000 0.040000
3040 -0.020000 0.040000
3041 -0.030000 0.045000
3042 -0.025000 0.035000
3043 -0.020000 0.030000
3044 -0.050000 0.035000
3045 -0.065000 0.040000
3046 -0.075000 0.045000
3047 -0.020000 0.025000
3048 -0.020000 0.025000
3049 -0.030000 0.025000
3050 -0.020000 0.025000
3051 -0.020000 0.025000
3052 -0.020000 0.020000
3053 -0.085000 0.065000
3054 -0.100000 0.075000
3055 -0.070000 0.060000
3056 -0.085000 0.070000
3057 -0.065000 0.050000
3058 -0.080000 0.055000
3059 -0.055000 0.050000
3060 -0.040000 0.050000
3061 -0.065000 0.055000
3062 -0.105000 0.020000
3063 -0.100000 0.020000
3064 -0.085000 0.020000
3065 -0.090000 0.020000
3066 -0.095000 0.020000
3067 -0.075000 0.020000
3068 -0.055000 0.020000
3069 -0.065000 0.020000
3070 -0.070000 0.020000
3071 -0.115000 0.025000
3072 -0.110000 0.020000
3073 -0.110000 0.025000
3074 -0.120000 0.030000
3075 -0.115000 0.030000
3076 -0.120000 0.035000
3077 -0.085000 0.020000
3078 -0.100000 0.020000
3079 -0.110000 0.020000
3080 -0.065000 0.020000
3081 -0.040000 0.020000
3082 -0.120000 0.040000
3083 -0.115000 0.035000
3084 -0.115000 0.035000
3085 -0.120000 0.040000
3086 -0.110000 0.030000
3087 -0.105000 0.030000
3088 -0.110000 0.025000
3089 -0.115000 0.035000
3090 -0.120000 0.040000
3091 -0.080000 0.025000
3092 -0.095000 0.025000
3093 -0.095000 0.020000
3094 -0.075000 0.025000
3095 -0.095000 0.025000
3096 -0.080000 0.025000
3097 -0.120000 0.045000
3098 -0.120000 0.045000
3099 -0.120000 0.045000
3100 -0.120000 0.045000
3101 -0.120000 0.045000
3102 -0.120000 0.055000
3103 -0.120000 0.045000
3104 -0.120000 0.045000
3105 -0.120000 0.040000
3106 -0.120000 0.055000
3107 -0.120000 0.045000
3108 -0.120000 0.065000
3109 -0.120000 0.030000
3110 -0.115000 0.020000
3111 -0.120000 0.035000
3112 -0.120000 0.025000
3113 -0.120000 0.040000
3114 -0.120000 0.035000
3115 -0.120000 0.035000
3116 -0.120000 0.040000
3117 -0.120000 0.025000
3118 -0.025000 0.025000
3119 -0.020000 0.025000
3120 -0.020000 0.025000
3121 -0.020000 0.025000
3122 -0.020000 0.020000
3123 -0.020000 0.025000
3124 -0.020000 0.020000
3125 -0.020000 0.020000
3126 -0.020000 0.020000
3127 -0.020000 0.020000
3128 -0.025000 0.025000
3129 -0.025000 0.020000
3130 -0.020000 0.020000
3131 -0.020000 0.025000
3132 -0.020000 0.025000
3133 -0.020000 0.020000
3134 -0.025000 0.025000
3135 -0.030000 0.025000
3136 -0.055000 0.025000
3137 -0.045000 0.025000
3138 -0.040000 0.025000
3139 -0.060000 0.025000
3140 -0.025000 0.025000
3141 -0.025000 0.025000
3142 -0.025000 0.025000
3143 -0.045000 0.025000
3144 -0.030000 0.025000
3145 -0.065000 0.025000
3146 -0.025000 0.015000
3147 -0.025000 0.015000
3148 -0.025000 0.015000
3149 -0.025000 0.020000
3150 -0.025000 0.015000
3151 -0.025000 0.015000
3152 -0.025000 0.020000
3153 -0.025000 0.020000
3154 -0.025000 0.020000
3155 -0.030000 0.015000
3156 -0.040000 0.020000
3157 -0.025000 0.015000
3158 -0.020000 0.020000
3159 -0.020000 0.025000
3160 -0.020000 0.025000
3161 -0.020000 0.025000
3162 -0.025000 0.020000
3163 -0.020000 0.020000
3164 -0.020000 0.020000
3165 -0.025000 0.020000
3166 -0.020000 0.025000
3167 -0.015000 0.010000
3168 -0.015000 0.010000
3169 -0.015000 0.010000
3170 -0.015000 0.010000
3171 -0.015000 0.010000
3172 -0.015000 0.010000
3173 -0.015000 0.010000
3174 -0.015000 0.010000
3175 -0.015000 0.010000
3176 -0.010000 0.010000
3177 -0.010000 0.010000
3178 -0.010000 0.010000
3179 -0.010000 0.010000
3180 -0.010000 0.010000
3181 -0.010000 0.010000
3182 -0.015000 0.005000
3183 -0.010000 0.005000
3184 -0.010000 0.005000
3185 -0.015000 0.005000
3186 -0.015000 0.010000
3187 -0.010000 0.015000
3188 -0.010000 0.015000
3189 -0.010000 0.015000
3190 -0.010000 0.015000
3191 -0.015000 0.015000
3192 -0.015000 0.015000
3193 -0.015000 0.015000
3194 -0.010000 0.015000
3195 -0.015000 0.015000
3196 -0.015000 0.015000
3197 -0.010000 0.015000
3198 -0.010000 0.010000
3199 -0.015000 0.015000
3200 -0.015000 0.015000
3201 -0.015000 0.015000
3202 -0.015000 0.015000
3203 -0.015000 0.015000
3204 -0.015000 0.015000
3205 -0.015000 0.015000
3206 -0.015000 0.015000
3207 -0.010000 0.010000
3208 -0.010000 0.015000
3209 -0.010000 0.015000
3210 -0.010000 0.020000
3211 -0.010000 0.015000
3212 -0.010000 0.015000
3213 -0.010000 0.010000
3214 -0.010000 0.010000
3215 -0.010000 0.010000
3216 -0.015000 0.010000
3217 -0.010000 0.015000
3218 -0.010000 0.015000
3219 -0.015000 0.010000
3220 -0.020000 0.015000
3221 -0.025000 0.010000
3222 -0.010000 0.010000
3223 -0.010000 0.005000
3224 -0.010000 0.010000
3225 -0.010000 0.010000
3226 -0.010000 0.010000
3227 -0.010000 0.010000
3228 -0.010000 0.015000
3229 -0.010000 0.020000
3230 -0.010000 0.010000
3231 -0.015000 0.015000
3232 -0.010000 0.015000
3233 -0.010000 0.010000
3234 -0.010000 0.015000
3235 -0.010000 0.015000
3236 -0.010000 0.010000
3237 -0.010000 0.010000
3238 -0.010000 0.010000
3239 -0.010000 0.010000
3240 -0.015000 0.015000
3241 -0.010000 0.015000
3242 -0.010000 0.015000
3243 -0.015000 0.015000
3244 -0.015000 0.015000
3245 -0.015000 0.015000
3246 -0.015000 0.010000
3247 -0.015000 0.010000
3248 -0.015000 0.010000
3249 -0.010000 0.010000
3250 -0.010000 0.010000
3251 -0.015000 0.015000
3252 -0.015000 0.015000
3253 -0.015000 0.015000
3254 -0.015000 0.015000
3255 -0.015000 0.015000
3256 -0.015000 0.015000
3257 -0.015000 0.015000
3258 -0.015000 0.015000
3259 -0.015000 0.015000
3260 -0.015000 0.015000
3261 -0.015000 0.010000
3262 -0.015000 0.015000
3263 -0.015000 0.010000
3264 -0.015000 0.015000
3265 -0.015000 0.015000
3266 -0.015000 0.015000
3267 -0.015000 0.015000
3268 -0.015000 0.010000
3269 -0.015000 0.010000
3270 -0.015000 0.015000
3271 -0.015000 0.010000
3272 -0.015000 0.015000
3273 -0.015000 0.015000
3274 -0.015000 0.015000
3275 -0.015000 0.010000
3276 -0.015000 0.010000
3277 -0.015000 0.010000
3278 -0.015000 0.015000
3279 -0.015000 0.010000
3280 -0.015000 0.010000
3281 -0.015000 0.010000
3282 -0.015000 0.015000
3283 -0.015000 0.015000
3284 -0.020000 0.010000
3285 -0.015000 0.010000
3286 -0.015000 0.015000
3287 -0.015000 0.010000
3288 -0.015000 0.010000
3289 -0.015000 0.010000
3290 -0.015000 0.015000
3291 -0.025000 0.010000
3292 -0.020000 0.010000
3293 -0.020000 0.010000
3294 -0.025000 0.010000
3295 -0.020000 0.010000
3296 -0.015000 0.010000
3297 -0.015000 0.010000
3298 -0.015000 0.010000
3299 -0.030000 0.015000
3300 -0.030000 0.015000
3301 -0.030000 0.010000
3302 -0.030000 0.015000
3303 -0.010000 0.010000
3304 -0.015000 0.010000
3305 -0.010000 0.010000
3306 -0.010000 0.010000
3307 -0.015000 0.015000
3308 -0.010000 0.015000
3309 -0.015000 0.010000
3310 -0.015000 0.010000
3311 -0.015000 0.010000
3312 -0.010000 0.015000
3313 -0.015000 0.015000
3314 -0.015000 0.015000
3315 -0.015000 0.010000
3316 -0.010000 0.010000
3317 -0.010000 0.015000
3318 -0.010000 0.010000
3319 -0.010000 0.010000
3320 -0.010000 0.015000
3321 -0.010000 0.010000
3322 -0.015000 0.010000
3323 -0.015000 0.010000
3324 -0.010000 0.010000
3325 -0.010000 0.010000
3326 -0.010000 0.015000
3327 -0.015000 0.010000
3328 -0.025000 0.015000
3329 -0.015000 0.010000
3330 -0.020000 0.015000
3331 -0.015000 0.010000
3332 -0.015000 0.010000
3333 -0.015000 0.010000
3334 -0.015000 0.010000
3335 -0.015000 0.015000
3336 -0.125000 0.040000
3337 -0.125000 0.035000
3338 -0.125000 0.030000
3339 -0.125000 0.030000
3340 -0.125000 0.030000
3341 -0.125000 0.025000
3342 -0.125000 0.025000
3343 -0.125000 0.025000
3344 -0.125000 0.025000
3345 -0.125000 0.040000
3346 -0.125000 0.035000
3347 -0.125000 0.040000
3348 -0.125000 0.045000
3349 -0.125000 0.040000
3350 -0.125000 0.045000
3351 -0.125000 0.025000
3352 -0.125000 0.030000
3353 -0.125000 0.035000
3354 -0.125000 0.025000
3355 -0.125000 0.025000
3356 -0.125000 0.045000
3357 -0.125000 0.045000
3358 -0.120000 0.040000
3359 -0.120000 0.045000
3360 -0.125000 0.040000
3361 -0.120000 0.040000
3362 -0.115000 0.040000
3363 -0.115000 0.040000
3364 -0.115000 0.045000
3365 -0.125000 0.040000
3366 -0.125000 0.045000
3367 -0.125000 0.045000
3368 -0.120000 0.030000
3369 -0.125000 0.035000
3370 -0.125000 0.035000
3371 -0.120000 0.030000
3372 -0.120000 0.035000
3373 -0.115000 0.035000
3374 -0.115000 0.030000
3375 -0.115000 0.030000
3376 -0.125000 0.050000
3377 -0.125000 0.050000
3378 -0.125000 0.060000
3379 -0.125000 0.060000
3380 -0.125000 0.050000
3381 -0.120000 0.060000
3382 -0.125000 0.045000
3383 -0.125000 0.045000
3384 -0.125000 0.045000
3385 -0.105000 0.045000
3386 -0.115000 0.045000
3387 -0.120000 0.045000
3388 -0.110000 0.045000
3389 -0.110000 0.055000
3390 -0.095000 0.045000
3391 -0.125000 0.045000
3392 -0.125000 0.040000
3393 -0.125000 0.045000
3394 -0.125000 0.040000
3395 -0.125000 0.045000
3396 -0.125000 0.045000
3397 -0.125000 0.055000
3398 -0.125000 0.050000
3399 -0.125000 0.050000
3400 -0.100000 0.025000
3401 -0.100000 0.030000
3402 -0.095000 0.025000
3403 -0.100000 0.025000
3404 -0.095000 0.030000
3405 -0.095000 0.025000
3406 -0.090000 0.025000
3407 -0.095000 0.025000
3408 -0.100000 0.030000
3409 -0.095000 0.025000
3410 -0.095000 0.025000
3411 -0.100000 0.030000
3412 -0.100000 0.030000
3413 -0.100000 0.030000
3414 -0.100000 0.030000
3415 -0.090000 0.025000
3416 -0.090000 0.020000
3417 -0.090000 0.020000
3418 -0.085000 0.025000
3419 -0.075000 0.025000
3420 -0.105000 0.025000
3421 -0.105000 0.025000
3422 -0.115000 0.030000
3423 -0.120000 0.025000
3424 -0.105000 0.030000
3425 -0.115000 0.030000
3426 -0.100000 0.025000
3427 -0.100000 0.025000
3428 -0.100000 0.025000
3429 -0.100000 0.030000
3430 -0.100000 0.030000
3431 -0.100000 0.030000
3432 -0.100000 0.030000
3433 -0.110000 0.030000
3434 -0.110000 0.030000
3435 -0.100000 0.025000
3436 -0.100000 0.025000
3437 -0.100000 0.025000
3438 -0.100000 0.025000
3439 -0.105000 0.025000
3440 -0.105000 0.025000
3441 -0.105000 0.025000
3442 -0.100000 0.025000
3443 -0.100000 0.025000
3444 -0.120000 0.025000
3445 -0.120000 0.025000
3446 -0.115000 0.025000
3447 -0.095000 0.020000
3448 -0.085000 0.020000
3449 -0.095000 0.020000
3450 -0.085000 0.020000
3451 -0.100000 0.025000
3452 -0.100000 0.025000
3453 -0.090000 0.020000
3454 -0.100000 0.020000
3455 -0.075000 0.020000
3456 -0.080000 0.035000
3457 -0.075000 0.040000
3458 -0.095000 0.040000
3459 -0.100000 0.040000
3460 -0.060000 0.040000
3461 -0.085000 0.045000
3462 -0.030000 0.030000
3463 -0.035000 0.035000
3464 -0.050000 0.030000
3465 -0.040000 0.030000
3466 -0.070000 0.030000
3467 -0.060000 0.030000
3468 -0.045000 0.040000
3469 -0.030000 0.035000
3470 -0.020000 0.030000
3471 -0.075000 0.045000
3472 -0.085000 0.030000
3473 -0.090000 0.030000
3474 -0.095000 0.030000
3475 -0.095000 0.030000
3476 -0.095000 0.030000
3477 -0.100000 0.030000
3478 -0.090000 0.035000
3479 -0.085000 0.030000
3480 -0.075000 0.030000
3481 -0.105000 0.035000
3482 -0.105000 0.040000
3483 -0.105000 0.030000
3484 -0.035000 0.030000
3485 -0.050000 0.030000
3486 -0.035000 0.025000
3487 -0.025000 0.025000
3488 -0.065000 0.025000
3489 -0.050000 0.025000
3490 -0.080000 0.030000
3491 -0.065000 0.030000
3492 -0.045000 0.030000
3493 -0.080000 0.025000
3494 -0.090000 0.030000
3495 -0.065000 0.025000
3496 -0.025000 0.030000
3497 -0.020000 0.030000
3498 -0.020000 0.030000
3499 -0.025000 0.030000
3500 -0.025000 0.030000
3501 -0.030000 0.030000
3502 -0.020000 0.025000
3503 -0.025000 0.025000
3504 -0.030000 0.025000
3505 -0.015000 0.060000
3506 -0.020000 0.055000
3507 -0.020000 0.055000
3508 -0.020000 0.055000
3509 -0.020000 0.055000
3510 -0.020000 0.050000
3511 -0.020000 0.050000
3512 -0.020000 0.050000
3513 -0.020000 0.060000
3514 -0.015000 0.045000
3515 -0.020000 0.050000
3516 -0.015000 0.055000
3517 -0.015000 0.050000
3518 -0.015000 0.055000
3519 -0.015000 0.050000
3520 -0.020000 0.045000
3521 -0.020000 0.045000
3522 -0.015000 0.040000
3523 -0.020000 0.045000
3524 -0.020000 0.045000
3525 -0.015000 0.045000
3526 -0.015000 0.050000
3527 -0.015000 0.050000
3528 -0.015000 0.040000
3529 -0.015000 0.055000
3530 -0.015000 0.055000
3531 -0.015000 0.055000
3532 -0.015000 0.050000
3533 -0.015000 0.040000
3534 -0.015000 0.055000
3535 -0.015000 0.055000
3536 -0.015000 0.050000
3537 -0.020000 0.065000
3538 -0.020000 0.060000
3539 -0.020000 0.060000
3540 -0.020000 0.060000
3541 -0.020000 0.060000
3542 -0.020000 0.060000
3543 -0.020000 0.065000
3544 -0.020000 0.060000
3545 -0.015000 0.035000
3546 -0.010000 0.035000
3547 -0.010000 0.025000
3548 -0.010000 0.025000
3549 -0.010000 0.030000
3550 -0.010000 0.025000
3551 -0.015000 0.040000
3552 -0.015000 0.045000
3553 -0.015000 0.045000
3554 -0.015000 0.025000
3555 -0.015000 0.030000
3556 -0.015000 0.035000
3557 -0.015000 0.035000
3558 -0.010000 0.020000
3559 -0.015000 0.020000
3560 -0.015000 0.040000
3561 -0.015000 0.035000
3562 -0.015000 0.030000
3563 -0.015000 0.025000
3564 -0.015000 0.030000
3565 -0.015000 0.040000
3566 -0.010000 0.020000
3567 -0.010000 0.025000
3568 -0.015000 0.015000
3569 -0.025000 0.070000
3570 -0.025000 0.065000
3571 -0.025000 0.075000
3572 -0.025000 0.075000
3573 -0.030000 0.065000
3574 -0.025000 0.080000
3575 -0.025000 0.075000
3576 -0.025000 0.065000
3577 -0.020000 0.060000
3578 -0.035000 0.045000
3579 -0.030000 0.055000
3580 -0.030000 0.055000
3581 -0.035000 0.050000
3582 -0.030000 0.060000
3583 -0.030000 0.055000
3584 -0.030000 0.070000
3585 -0.030000 0.050000
3586 -0.030000 0.040000
3587 -0.025000 0.090000
3588 -0.025000 0.090000
3589 -0.020000 0.065000
3590 -0.020000 0.065000
3591 -0.020000 0.065000
3592 -0.020000 0.060000
3593 -0.020000 0.065000
3594 -0.020000 0.065000
3595 -0.020000 0.070000
3596 -0.025000 0.065000
3597 -0.025000 0.060000
3598 -0.020000 0.060000
3599 -0.020000 0.065000
3600 -0.020000 0.065000
3601 -0.020000 0.055000
3602 -0.020000 0.065000
3603 -0.020000 0.060000
3604 -0.035000 0.045000
3605 -0.030000 0.050000
3606 -0.025000 0.045000
3607 -0.030000 0.040000
3608 -0.025000 0.055000
3609 -0.025000 0.045000
3610 -0.025000 0.065000
3611 -0.030000 0.055000
3612 -0.030000 0.050000
3613 -0.020000 0.050000
3614 -0.020000 0.060000
3615 -0.020000 0.045000
3616 -0.035000 0.040000
3617 -0.035000 0.040000
3618 -0.035000 0.040000
3619 -0.035000 0.035000
3620 -0.035000 0.045000
3621 -0.035000 0.045000
3622 -0.035000 0.035000
3623 -0.035000 0.040000
3624 -0.035000 0.030000
3625 -0.020000 0.035000
3626 -0.020000 0.030000
3627 -0.015000 0.035000
3628 -0.015000 0.040000
3629 -0.015000 0.025000
3630 -0.015000 0.025000
3631 -0.035000 0.015000
3632 -0.030000 0.020000
3633 -0.035000 0.030000
3634 -0.045000 0.025000
3635 -0.035000 0.035000
3636 -0.045000 0.030000
3637 -0.020000 0.015000
3638 -0.025000 0.010000
3639 -0.025000 0.010000
3640 -0.015000 0.015000
3641 -0.015000 0.040000
3642 -0.015000 0.045000
3643 -0.020000 0.050000
3644 -0.020000 0.045000
3645 -0.015000 0.050000
3646 -0.020000 0.055000
3647 -0.020000 0.040000
3648 -0.030000 0.040000
3649 -0.040000 0.035000
3650 -0.015000 0.050000
3651 -0.015000 0.045000
3652 -0.020000 0.055000
3653 -0.050000 0.025000
3654 -0.050000 0.030000
3655 -0.050000 0.030000
3656 -0.040000 0.020000
3657 -0.020000 0.035000
3658 -0.020000 0.035000
3659 -0.020000 0.040000
3660 -0.035000 0.035000
3661 -0.050000 0.025000
3662 -0.020000 0.065000
3663 -0.020000 0.050000
3664 -0.020000 0.065000
3665 -0.025000 0.010000
3666 -0.025000 0.010000
3667 -0.025000 0.010000
3668 -0.025000 0.010000
3669 -0.025000 0.015000
3670 -0.045000 0.020000
3671 -0.020000 0.010000
3672 -0.035000 0.010000
3673 -0.025000 0.010000
3674 -0.075000 0.025000
3675 -0.075000 0.020000
3676 -0.075000 0.025000
3677 -0.075000 0.025000
3678 -0.075000 0.020000
3679 -0.075000 0.020000
3680 -0.075000 0.020000
3681 -0.075000 0.025000
3682 -0.075000 0.025000
3683 -0.070000 0.020000
3684 -0.075000 0.020000
3685 -0.075000 0.020000
3686 -0.075000 0.020000
3687 -0.075000 0.020000
3688 -0.075000 0.020000
3689 -0.070000 0.020000
3690 -0.070000 0.020000
3691 -0.065000 0.020000
3692 -0.070000 0.020000
3693 -0.070000 0.020000
3694 -0.075000 0.020000
3695 -0.075000 0.020000
3696 -0.075000 0.020000
3697 -0.075000 0.020000
3698 -0.075000 0.025000
3699 -0.075000 0.025000
3700 -0.075000 0.020000
3701 -0.075000 0.020000
3702 -0.075000 0.020000
3703 -0.075000 0.025000
3704 -0.075000 0.020000
3705 -0.075000 0.025000
3706 -0.075000 0.025000
3707 -0.075000 0.025000
3708 -0.075000 0.025000
3709 -0.075000 0.025000
3710 -0.075000 0.025000
3711 -0.075000 0.025000
3712 -0.075000 0.025000
3713 -0.075000 0.025000
3714 -0.070000 0.020000
3715 -0.075000 0.025000
3716 -0.075000 0.020000
3717 -0.070000 0.020000
3718 -0.075000 0.025000
3719 -0.075000 0.020000
3720 -0.075000 0.025000
3721 -0.075000 0.025000
3722 -0.075000 0.020000
3723 -0.075000 0.020000
3724 -0.075000 0.020000
3725 -0.075000 0.020000
3726 -0.075000 0.020000
3727 -0.075000 0.020000
3728 -0.075000 0.020000
3729 -0.070000 0.020000
3730 -0.060000 0.020000
3731 -0.060000 0.020000
3732 -0.045000 0.020000
3733 -0.070000 0.020000
3734 -0.070000 0.020000
3735 -0.045000 0.020000
3736 -0.060000 0.020000
3737 -0.025000 0.020000
3738 -0.075000 0.025000
3739 -0.070000 0.025000
3740 -0.075000 0.025000
3741 -0.075000 0.025000
3742 -0.065000 0.030000
3743 -0.070000 0.030000
3744 -0.070000 0.030000
3745 -0.075000 0.025000
3746 -0.075000 0.020000
3747 -0.055000 0.025000
3748 -0.060000 0.030000
3749 -0.070000 0.025000
3750 -0.065000 0.025000
3751 -0.075000 0.025000
3752 -0.070000 0.020000
3753 -0.055000 0.030000
3754 -0.050000 0.030000
3755 -0.040000 0.025000
3756 -0.060000 0.030000
3757 -0.060000 0.030000
3758 -0.075000 0.025000
3759 -0.075000 0.025000
3760 -0.075000 0.025000
3761 -0.075000 0.025000
3762 -0.075000 0.025000
3763 -0.075000 0.025000
3764 -0.075000 0.020000
3765 -0.075000 0.020000
3766 -0.075000 0.020000
3767 -0.075000 0.020000
3768 -0.075000 0.025000
3769 -0.075000 0.020000
3770 -0.075000 0.020000
3771 -0.075000 0.025000
3772 -0.075000 0.025000
3773 -0.060000 0.015000
3774 -0.065000 0.015000
3775 -0.060000 0.015000
3776 -0.050000 0.015000
3777 -0.070000 0.020000
3778 -0.065000 0.015000
3779 -0.075000 0.020000
3780 -0.070000 0.020000
3781 -0.065000 0.020000
3782 -0.075000 0.020000
3783 -0.075000 0.025000
3784 -0.070000 0.015000
3785 -0.045000 0.020000
3786 -0.030000 0.020000
3787 -0.030000 0.015000
3788 -0.020000 0.015000
3789 -0.045000 0.010000
3790 -0.060000 0.020000
3791 -0.015000 0.010000
3792 -0.035000 0.010000
3793 -0.015000 0.010000
3794 -0.080000 0.020000
3795 -0.095000 0.020000
3796 -0.080000 0.020000
3797 -0.075000 0.020000
3798 -0.100000 0.020000
3799 -0.090000 0.020000
3800 -0.105000 0.030000
3801 -0.105000 0.025000
3802 -0.100000 0.020000
3803 -0.105000 0.020000
3804 -0.090000 0.020000
3805 -0.095000 0.020000
3806 -0.100000 0.025000
3807 -0.105000 0.030000
3808 -0.105000 0.035000
3809 -0.095000 0.020000
3810 -0.075000 0.020000
3811 -0.075000 0.020000
3812 -0.075000 0.020000
3813 -0.075000 0.020000
3814 -0.075000 0.020000
3815 -0.075000 0.020000
3816 -0.075000 0.020000
3817 -0.080000 0.020000
3818 -0.085000 0.020000
3819 -0.075000 0.020000
3820 -0.075000 0.020000
3821 -0.075000 0.020000
3822 -0.100000 0.025000
3823 -0.090000 0.025000
3824 -0.085000 0.025000
3825 -0.100000 0.025000
3826 -0.070000 0.025000
3827 -0.065000 0.025000
3828 -0.070000 0.025000
3829 -0.085000 0.020000
3830 -0.100000 0.020000
3831 -0.070000 0.025000
3832 -0.075000 0.025000
3833 -0.060000 0.030000
3834 -0.105000 0.030000
3835 -0.105000 0.035000
3836 -0.105000 0.025000
3837 -0.105000 0.035000
3838 -0.105000 0.025000
3839 -0.105000 0.025000
3840 -0.105000 0.025000
3841 -0.105000 0.025000
3842 -0.105000 0.030000
